PARAMETERS
L              4
DIM            5
beta           1.640000
ntherm         40
nsweep         0
naccu          0
END PARAMETERS
1 6.874217e-01
2 6.235680e-01
3 6.137894e-01
4 5.976691e-01
5 5.915169e-01
6 5.827909e-01
7 5.776962e-01
8 5.785417e-01
9 5.665309e-01
10 5.608966e-01
11 5.633469e-01
12 5.631303e-01
13 5.602354e-01
14 5.576498e-01
15 5.712004e-01
16 5.631620e-01
17 5.570714e-01
18 5.629134e-01
19 5.585806e-01
20 5.649302e-01
21 5.717910e-01
22 5.571304e-01
23 5.584590e-01
24 5.675833e-01
25 5.660065e-01
26 5.650162e-01
27 5.690089e-01
28 5.687860e-01
29 5.608351e-01
30 5.636263e-01
31 5.672416e-01
32 5.719016e-01
33 5.621725e-01
34 5.661387e-01
35 5.639450e-01
36 5.557015e-01
37 5.654471e-01
38 5.634404e-01
39 5.611509e-01
40 5.627125e-01
