PARAMETERS
L              4
DIM            5
beta           1.640000
ntherm         40
nsweep         0
naccu          0
END PARAMETERS
1 3.341598e-01
2 4.008354e-01
3 4.237575e-01
4 4.478688e-01
5 4.591816e-01
6 4.563989e-01
7 4.642884e-01
8 4.677847e-01
9 4.564751e-01
10 4.548741e-01
11 4.518337e-01
12 4.487365e-01
13 4.597503e-01
14 4.486954e-01
15 4.535453e-01
16 4.532386e-01
17 4.534991e-01
18 4.605883e-01
19 4.631359e-01
20 4.691290e-01
21 4.674029e-01
22 4.627545e-01
23 4.753145e-01
24 4.735062e-01
25 4.721415e-01
26 4.717061e-01
27 4.666144e-01
28 4.622541e-01
29 4.654111e-01
30 4.730255e-01
31 4.671497e-01
32 4.708052e-01
33 4.687003e-01
34 4.694777e-01
35 4.705976e-01
36 4.752245e-01
37 4.760094e-01
38 4.811482e-01
39 4.718308e-01
40 4.690583e-01
