PARAMETERS
L              4
DIM            5
beta           1.660000
ntherm         40
nsweep         0
naccu          0
END PARAMETERS
1 3.305207e-01
2 3.948919e-01
3 4.206498e-01
4 4.381238e-01
5 4.507816e-01
6 4.518709e-01
7 4.549510e-01
8 4.605457e-01
9 4.523241e-01
10 4.517832e-01
11 4.546016e-01
12 4.534705e-01
13 4.495110e-01
14 4.551989e-01
15 4.536550e-01
16 4.478691e-01
17 4.544471e-01
18 4.503508e-01
19 4.533182e-01
20 4.593092e-01
21 4.554598e-01
22 4.479934e-01
23 4.642376e-01
24 4.711954e-01
25 4.626233e-01
26 4.651539e-01
27 4.534682e-01
28 4.578116e-01
29 4.610255e-01
30 4.552135e-01
31 4.518684e-01
32 4.492340e-01
33 4.599849e-01
34 4.580715e-01
35 4.638868e-01
36 4.588512e-01
37 4.659153e-01
38 4.536800e-01
39 4.542631e-01
40 4.522042e-01
