PARAMETERS
L              4
DIM            5
beta           1.680000
ntherm         40
nsweep         0
naccu          0
END PARAMETERS
1 3.280151e-01
2 3.907175e-01
3 4.137053e-01
4 4.381752e-01
5 4.496428e-01
6 4.438930e-01
7 4.457204e-01
8 4.451896e-01
9 4.360926e-01
10 4.393527e-01
11 4.469808e-01
12 4.451512e-01
13 4.490850e-01
14 4.462964e-01
15 4.478705e-01
16 4.389289e-01
17 4.401406e-01
18 4.396938e-01
19 4.442632e-01
20 4.608785e-01
21 4.509005e-01
22 4.567407e-01
23 4.593902e-01
24 4.617850e-01
25 4.520465e-01
26 4.436872e-01
27 4.438317e-01
28 4.445992e-01
29 4.339389e-01
30 4.381921e-01
31 4.314789e-01
32 4.368846e-01
33 4.456830e-01
34 4.463525e-01
35 4.487407e-01
36 4.602263e-01
37 4.502662e-01
38 4.560217e-01
39 4.469060e-01
40 4.519825e-01
