PARAMETERS
L              4
DIM            5
beta           1.660000
ntherm         40
nsweep         0
naccu          0
END PARAMETERS
1 6.910899e-01
2 6.176088e-01
3 5.991713e-01
4 5.909748e-01
5 5.918487e-01
6 5.774104e-01
7 5.787040e-01
8 5.808623e-01
9 5.728341e-01
10 5.668739e-01
11 5.607281e-01
12 5.655423e-01
13 5.612700e-01
14 5.619165e-01
15 5.613799e-01
16 5.481784e-01
17 5.421297e-01
18 5.474428e-01
19 5.463540e-01
20 5.539430e-01
21 5.574910e-01
22 5.478920e-01
23 5.385966e-01
24 5.509308e-01
25 5.506271e-01
26 5.456024e-01
27 5.482610e-01
28 5.490964e-01
29 5.470722e-01
30 5.483373e-01
31 5.483061e-01
32 5.488496e-01
33 5.406372e-01
34 5.436294e-01
35 5.508862e-01
36 5.575941e-01
37 5.563272e-01
38 5.528379e-01
39 5.434557e-01
40 5.429514e-01
