PARAMETERS
L              4
DIM            5
beta           1.680000
ntherm         40
nsweep         0
naccu          0
END PARAMETERS
1 6.928366e-01
2 6.167315e-01
3 6.029712e-01
4 5.881808e-01
5 5.781066e-01
6 5.615773e-01
7 5.658894e-01
8 5.569154e-01
9 5.549422e-01
10 5.529410e-01
11 5.579805e-01
12 5.566262e-01
13 5.495082e-01
14 5.437765e-01
15 5.497577e-01
16 5.376237e-01
17 5.410606e-01
18 5.420290e-01
19 5.313313e-01
20 5.256237e-01
21 5.385905e-01
22 5.296322e-01
23 5.228762e-01
24 5.343771e-01
25 5.363032e-01
26 5.337546e-01
27 5.374431e-01
28 5.276127e-01
29 5.260360e-01
30 5.295100e-01
31 5.244305e-01
32 5.120365e-01
33 5.192257e-01
34 5.231020e-01
35 5.220327e-01
36 5.270220e-01
37 5.247912e-01
38 5.175154e-01
39 5.109374e-01
40 5.043498e-01
