PARAMETERS
L              5
DIM            4
beta           1.000000
ntherm         40
nsweep         0
naccu          0
END PARAMETERS
1 7.917770e-01
2 7.673545e-01
3 7.662897e-01
4 7.592078e-01
5 7.439616e-01
6 7.652660e-01
7 7.618963e-01
8 7.589206e-01
9 7.720793e-01
10 7.446721e-01
11 7.558050e-01
12 7.747703e-01
13 7.629613e-01
14 7.593144e-01
15 7.513195e-01
16 7.675886e-01
17 7.573083e-01
18 7.564946e-01
19 7.580831e-01
20 7.553191e-01
21 7.590909e-01
22 7.523170e-01
23 7.584481e-01
24 7.655392e-01
25 7.555899e-01
26 7.699538e-01
27 7.558453e-01
28 7.726455e-01
29 7.532685e-01
30 7.612207e-01
31 7.648662e-01
32 7.530141e-01
33 7.726192e-01
34 7.525328e-01
35 7.717640e-01
36 7.669562e-01
37 7.569304e-01
38 7.586416e-01
39 7.605745e-01
40 7.558428e-01
