PARAMETERS
L              5
DIM            4
beta           3.000000
ntherm         40
nsweep         0
naccu          0
END PARAMETERS
1 5.736595e-01
2 4.478213e-01
3 3.817384e-01
4 3.370327e-01
5 3.195479e-01
6 3.147509e-01
7 3.127022e-01
8 3.007573e-01
9 3.010493e-01
10 2.850344e-01
11 2.947743e-01
12 2.937853e-01
13 2.885052e-01
14 2.855546e-01
15 2.753854e-01
16 2.819349e-01
17 2.797060e-01
18 2.838283e-01
19 2.843419e-01
20 2.852385e-01
21 2.772115e-01
22 2.832403e-01
23 2.854602e-01
24 2.801575e-01
25 2.903719e-01
26 2.770395e-01
27 2.684769e-01
28 2.801114e-01
29 2.818245e-01
30 2.814719e-01
31 2.845871e-01
32 2.753468e-01
33 2.716025e-01
34 2.706793e-01
35 2.825265e-01
36 2.747297e-01
37 2.743886e-01
38 2.732754e-01
39 2.816957e-01
40 2.781508e-01
