PARAMETERS
L              5
DIM            4
beta           2.000000
ntherm         40
nsweep         0
naccu          0
END PARAMETERS
1 6.426683e-01
2 5.704382e-01
3 5.364496e-01
4 5.110377e-01
5 5.072501e-01
6 5.015857e-01
7 5.101676e-01
8 5.103892e-01
9 5.097396e-01
10 5.006289e-01
11 5.071450e-01
12 4.962424e-01
13 5.184312e-01
14 5.120781e-01
15 5.120725e-01
16 5.041613e-01
17 4.951462e-01
18 4.965039e-01
19 4.944691e-01
20 4.880244e-01
21 4.932126e-01
22 4.935851e-01
23 5.029470e-01
24 4.969987e-01
25 4.951298e-01
26 4.958638e-01
27 4.877934e-01
28 4.894682e-01
29 4.939563e-01
30 4.900770e-01
31 4.996126e-01
32 4.911898e-01
33 4.928980e-01
34 4.894895e-01
35 4.940591e-01
36 4.847627e-01
37 4.833849e-01
38 4.969870e-01
39 5.096750e-01
40 5.159107e-01
