PARAMETERS
L              5
DIM            4
beta           4.000000
ntherm         40
nsweep         0
naccu          0
END PARAMETERS
1 5.222144e-01
2 3.647517e-01
3 2.999485e-01
4 2.605286e-01
5 2.470329e-01
6 2.418237e-01
7 2.312458e-01
8 2.252223e-01
9 2.162654e-01
10 2.130919e-01
11 2.131221e-01
12 2.042663e-01
13 2.073053e-01
14 2.075677e-01
15 2.042826e-01
16 2.054191e-01
17 2.066744e-01
18 2.054392e-01
19 1.995584e-01
20 1.992381e-01
21 1.975009e-01
22 2.028329e-01
23 1.991798e-01
24 1.965408e-01
25 2.068883e-01
26 2.095109e-01
27 2.072626e-01
28 1.985023e-01
29 2.025861e-01
30 2.026344e-01
31 2.042507e-01
32 1.997041e-01
33 1.954890e-01
34 2.022277e-01
35 2.022925e-01
36 2.026981e-01
37 2.024783e-01
38 1.999045e-01
39 2.085689e-01
40 2.005217e-01
