PARAMETERS
L              10
DIM            4
beta           0.400000
ntherm         5000
nsweep         50000
naccu          50
END PARAMETERS
2.317093e+00
2.306691e+00
2.342575e+00
2.296987e+00
2.308173e+00
2.328450e+00
2.310743e+00
2.301614e+00
2.311335e+00
2.296909e+00
2.351125e+00
2.306246e+00
2.302942e+00
2.274273e+00
2.292217e+00
2.368145e+00
2.293315e+00
2.334387e+00
2.300405e+00
2.281602e+00
2.326285e+00
2.286459e+00
2.316140e+00
2.304623e+00
2.307919e+00
2.301716e+00
2.310074e+00
2.320820e+00
2.342604e+00
2.327256e+00
2.290497e+00
2.331307e+00
2.339155e+00
2.339662e+00
2.297413e+00
2.323115e+00
2.335249e+00
2.291650e+00
2.342534e+00
2.329605e+00
2.303528e+00
2.280645e+00
2.301990e+00
2.287336e+00
2.324452e+00
2.300046e+00
2.320014e+00
2.300623e+00
2.297783e+00
2.282963e+00
2.308347e+00
2.293067e+00
2.318000e+00
2.320844e+00
2.278334e+00
2.292511e+00
2.326975e+00
2.296482e+00
2.309135e+00
2.279178e+00
2.311078e+00
2.322383e+00
2.331946e+00
2.306022e+00
2.297980e+00
2.285737e+00
2.303579e+00
2.325306e+00
2.330570e+00
2.315863e+00
2.297230e+00
2.334466e+00
2.329598e+00
2.293525e+00
2.321959e+00
2.292427e+00
2.276014e+00
2.286736e+00
2.299367e+00
2.350264e+00
2.288076e+00
2.293612e+00
2.300161e+00
2.312061e+00
2.298192e+00
2.289001e+00
2.296688e+00
2.287279e+00
2.341077e+00
2.303347e+00
2.289373e+00
2.315682e+00
2.328112e+00
2.276235e+00
2.324460e+00
2.293779e+00
2.300229e+00
2.354395e+00
2.306227e+00
2.292509e+00
2.304290e+00
2.301970e+00
2.312918e+00
2.326975e+00
2.351722e+00
2.354310e+00
2.277431e+00
2.309023e+00
2.303391e+00
2.338946e+00
2.320955e+00
2.302313e+00
2.294790e+00
2.316644e+00
2.303234e+00
2.322051e+00
2.251292e+00
2.331463e+00
2.321809e+00
2.318624e+00
2.331551e+00
2.325062e+00
2.358031e+00
2.292276e+00
2.305069e+00
2.263032e+00
2.323162e+00
2.310079e+00
2.332812e+00
2.294098e+00
2.324643e+00
2.322849e+00
2.347016e+00
2.283659e+00
2.258216e+00
2.290232e+00
2.331702e+00
2.308595e+00
2.294823e+00
2.308717e+00
2.298925e+00
2.282208e+00
2.270154e+00
2.268364e+00
2.323413e+00
2.304152e+00
2.273581e+00
2.288437e+00
2.316034e+00
2.305222e+00
2.323958e+00
2.317005e+00
2.295544e+00
2.311368e+00
2.300153e+00
2.330644e+00
2.306335e+00
2.282309e+00
2.311658e+00
2.356795e+00
2.283438e+00
2.270287e+00
2.317634e+00
2.311331e+00
2.298237e+00
2.293420e+00
2.314728e+00
2.289593e+00
2.326648e+00
2.274027e+00
2.319252e+00
2.317220e+00
2.264460e+00
2.298088e+00
2.281749e+00
2.341204e+00
2.306580e+00
2.336504e+00
2.297818e+00
2.282056e+00
2.304506e+00
2.299753e+00
2.310146e+00
2.332654e+00
2.346386e+00
2.296355e+00
2.310299e+00
2.351340e+00
2.304416e+00
2.327661e+00
2.319728e+00
2.337312e+00
2.338263e+00
2.325822e+00
2.276900e+00
2.301805e+00
2.300803e+00
2.288250e+00
2.292479e+00
2.340479e+00
2.280907e+00
2.306954e+00
2.280963e+00
2.309468e+00
2.281778e+00
2.308773e+00
2.293891e+00
2.316010e+00
2.310643e+00
2.330957e+00
2.270677e+00
2.317061e+00
2.270852e+00
2.290242e+00
2.306626e+00
2.310631e+00
2.346764e+00
2.316536e+00
2.280815e+00
2.286847e+00
2.293733e+00
2.286500e+00
2.286263e+00
2.314992e+00
2.302576e+00
2.266302e+00
2.324794e+00
2.306215e+00
2.296836e+00
2.330644e+00
2.304052e+00
2.320251e+00
2.293888e+00
2.333841e+00
2.326945e+00
2.321934e+00
2.288574e+00
2.319502e+00
2.324992e+00
2.315157e+00
2.286991e+00
2.361931e+00
2.290508e+00
2.319240e+00
2.279681e+00
2.326035e+00
2.328320e+00
2.316975e+00
2.297303e+00
2.305371e+00
2.311997e+00
2.349673e+00
2.271992e+00
2.310993e+00
2.304959e+00
2.293039e+00
2.288531e+00
2.314098e+00
2.284108e+00
2.301314e+00
2.335785e+00
2.321768e+00
2.283289e+00
2.259827e+00
2.328770e+00
2.279986e+00
2.301426e+00
2.291336e+00
2.288921e+00
2.301283e+00
2.330508e+00
2.306635e+00
2.282105e+00
2.299514e+00
2.311799e+00
2.306749e+00
2.300832e+00
2.305347e+00
2.329752e+00
2.312511e+00
2.321061e+00
2.282344e+00
2.312191e+00
2.333042e+00
2.304834e+00
2.318843e+00
2.307410e+00
2.298238e+00
2.333638e+00
2.314625e+00
2.294082e+00
2.304760e+00
2.291775e+00
2.321195e+00
2.330580e+00
2.325561e+00
2.283264e+00
2.304111e+00
2.325013e+00
2.317343e+00
2.325249e+00
2.255793e+00
2.339243e+00
2.326768e+00
2.300708e+00
2.326425e+00
2.323471e+00
2.331574e+00
2.300469e+00
2.315493e+00
2.306586e+00
2.302201e+00
2.309429e+00
2.294319e+00
2.351196e+00
2.298392e+00
2.300172e+00
2.240476e+00
2.283525e+00
2.300780e+00
2.313221e+00
2.279413e+00
2.318208e+00
2.317777e+00
2.295115e+00
2.324467e+00
2.321015e+00
2.321602e+00
2.290580e+00
2.321815e+00
2.305942e+00
2.326166e+00
2.315302e+00
2.320737e+00
2.330739e+00
2.300747e+00
2.338702e+00
2.318489e+00
2.305407e+00
2.364683e+00
2.295452e+00
2.321157e+00
2.325676e+00
2.290910e+00
2.315050e+00
2.275884e+00
2.344746e+00
2.285125e+00
2.331372e+00
2.345981e+00
2.290018e+00
2.310105e+00
2.282959e+00
2.300888e+00
2.296142e+00
2.299541e+00
2.311645e+00
2.325560e+00
2.350357e+00
2.343700e+00
2.330706e+00
2.317752e+00
2.279248e+00
2.306482e+00
2.322982e+00
2.325380e+00
2.313069e+00
2.286928e+00
2.281156e+00
2.313065e+00
2.300241e+00
2.337796e+00
2.283414e+00
2.345624e+00
2.334724e+00
2.325932e+00
2.294065e+00
2.289705e+00
2.322681e+00
2.298923e+00
2.303171e+00
2.345578e+00
2.312455e+00
2.285481e+00
2.348178e+00
2.293445e+00
2.288889e+00
2.300036e+00
2.293731e+00
2.284388e+00
2.329545e+00
2.338242e+00
2.281954e+00
2.340944e+00
2.260811e+00
2.279144e+00
2.322713e+00
2.329478e+00
2.350643e+00
2.312813e+00
2.317536e+00
2.317276e+00
2.313773e+00
2.305622e+00
2.313602e+00
2.291651e+00
2.307314e+00
2.297194e+00
2.309811e+00
2.306738e+00
2.275981e+00
2.266241e+00
2.312542e+00
2.280207e+00
2.312405e+00
2.302005e+00
2.321999e+00
2.334172e+00
2.317257e+00
2.292211e+00
2.325553e+00
2.355473e+00
2.325167e+00
2.313225e+00
2.310190e+00
2.314681e+00
2.330592e+00
2.311196e+00
2.319504e+00
2.324213e+00
2.296177e+00
2.280920e+00
2.288672e+00
2.323165e+00
2.313551e+00
2.323761e+00
2.290678e+00
2.331026e+00
2.309445e+00
2.349218e+00
2.346441e+00
2.324405e+00
2.289164e+00
2.294642e+00
2.315192e+00
2.305016e+00
2.304178e+00
2.332871e+00
2.312564e+00
2.300774e+00
2.315269e+00
2.256792e+00
2.336069e+00
2.300037e+00
2.325583e+00
2.296762e+00
2.317692e+00
2.296620e+00
2.312189e+00
2.343027e+00
2.308152e+00
2.324025e+00
2.309184e+00
2.335765e+00
2.339947e+00
2.297231e+00
2.280671e+00
2.292825e+00
2.284440e+00
2.295709e+00
2.306882e+00
2.320451e+00
2.310550e+00
2.322592e+00
2.307667e+00
2.354640e+00
2.327196e+00
2.324701e+00
2.307938e+00
2.307396e+00
2.297955e+00
2.335190e+00
2.313940e+00
2.269126e+00
2.272447e+00
2.341541e+00
2.360776e+00
2.303006e+00
2.314289e+00
2.302158e+00
2.332634e+00
2.318451e+00
2.308686e+00
2.302156e+00
2.309624e+00
2.323808e+00
2.288540e+00
2.318987e+00
2.325290e+00
2.305637e+00
2.325926e+00
2.312921e+00
2.309787e+00
2.323025e+00
2.305431e+00
2.343153e+00
2.311647e+00
2.321036e+00
2.308598e+00
2.341704e+00
2.308911e+00
2.310739e+00
2.333727e+00
2.336802e+00
2.332133e+00
2.301377e+00
2.285934e+00
2.319985e+00
2.303666e+00
2.295151e+00
2.330567e+00
2.318637e+00
2.309805e+00
2.316083e+00
2.283025e+00
2.305156e+00
2.329850e+00
2.326699e+00
2.284138e+00
2.282724e+00
2.328858e+00
2.299544e+00
2.339896e+00
2.324866e+00
2.316411e+00
2.336430e+00
2.320389e+00
2.296287e+00
2.351690e+00
2.312190e+00
2.288271e+00
2.276573e+00
2.307778e+00
2.311734e+00
2.306164e+00
2.321548e+00
2.276561e+00
2.305104e+00
2.314302e+00
2.316617e+00
2.289778e+00
2.305843e+00
2.336154e+00
2.335703e+00
2.308314e+00
2.322448e+00
2.324719e+00
2.280741e+00
2.316648e+00
2.297233e+00
2.309539e+00
2.278299e+00
2.341514e+00
2.301133e+00
2.305316e+00
2.338767e+00
2.270467e+00
2.337273e+00
2.300208e+00
2.328606e+00
2.291348e+00
2.338056e+00
2.298910e+00
2.287885e+00
2.335214e+00
2.289681e+00
2.334564e+00
2.313941e+00
2.312863e+00
2.300806e+00
2.314476e+00
2.331237e+00
2.263140e+00
2.329195e+00
2.293975e+00
2.303289e+00
2.318251e+00
2.293202e+00
2.348898e+00
2.316974e+00
2.313440e+00
2.309143e+00
2.316839e+00
2.338920e+00
2.315769e+00
2.291424e+00
2.319194e+00
2.288914e+00
2.329656e+00
2.306143e+00
2.327832e+00
2.270594e+00
2.291011e+00
2.245903e+00
2.294972e+00
2.338926e+00
2.323429e+00
2.296278e+00
2.311765e+00
2.287634e+00
2.322575e+00
2.283714e+00
2.304200e+00
2.304115e+00
2.313623e+00
2.321404e+00
2.304079e+00
2.366555e+00
2.291384e+00
2.309504e+00
2.334473e+00
2.343028e+00
2.312748e+00
2.315973e+00
2.263237e+00
2.334103e+00
2.317046e+00
2.323680e+00
2.335202e+00
2.310363e+00
2.308382e+00
2.308967e+00
2.318212e+00
2.334054e+00
2.272080e+00
2.316196e+00
2.315107e+00
2.305600e+00
2.302163e+00
2.326646e+00
2.321599e+00
2.336485e+00
2.336697e+00
2.341854e+00
2.331097e+00
2.295201e+00
2.278912e+00
2.318583e+00
2.302694e+00
2.306367e+00
2.324913e+00
2.296374e+00
2.324411e+00
2.317811e+00
2.291422e+00
2.293041e+00
2.328804e+00
2.283274e+00
2.340686e+00
2.331358e+00
2.297296e+00
2.282497e+00
2.308852e+00
2.298926e+00
2.316000e+00
2.334549e+00
2.302331e+00
2.341663e+00
2.307481e+00
2.313152e+00
2.328631e+00
2.287308e+00
2.303571e+00
2.299864e+00
2.284566e+00
2.299341e+00
2.337311e+00
2.285366e+00
2.280709e+00
2.285699e+00
2.350987e+00
2.345778e+00
2.324535e+00
2.309923e+00
2.316036e+00
2.305064e+00
2.292488e+00
2.285845e+00
2.302416e+00
2.315248e+00
2.267726e+00
2.323814e+00
2.330651e+00
2.290101e+00
2.329673e+00
2.297625e+00
2.327936e+00
2.307175e+00
2.289448e+00
2.332714e+00
2.312928e+00
2.301610e+00
2.324944e+00
2.320689e+00
2.291890e+00
2.285911e+00
2.311481e+00
2.334163e+00
2.295596e+00
2.287202e+00
2.273036e+00
2.281920e+00
2.298561e+00
2.314538e+00
2.291321e+00
2.312355e+00
2.292558e+00
2.292480e+00
2.288104e+00
2.313344e+00
2.286147e+00
2.299858e+00
2.279679e+00
2.265480e+00
2.279026e+00
2.254692e+00
2.317825e+00
2.276627e+00
2.310356e+00
2.312310e+00
2.324783e+00
2.302403e+00
2.297929e+00
2.277683e+00
2.293500e+00
2.289181e+00
2.303197e+00
2.352751e+00
2.281535e+00
2.323077e+00
2.338491e+00
2.288292e+00
2.286596e+00
2.288121e+00
2.294512e+00
2.317113e+00
2.304301e+00
2.296880e+00
2.328506e+00
2.334218e+00
2.308578e+00
2.265580e+00
2.325183e+00
2.321741e+00
2.305965e+00
2.356218e+00
2.269925e+00
2.336045e+00
2.303299e+00
2.303468e+00
2.324447e+00
2.291458e+00
2.305856e+00
2.267068e+00
2.289377e+00
2.264454e+00
2.305611e+00
2.301157e+00
2.312862e+00
2.300548e+00
2.301315e+00
2.341716e+00
2.282331e+00
2.319524e+00
2.312186e+00
2.315913e+00
2.321415e+00
2.285024e+00
2.305874e+00
2.309876e+00
2.284353e+00
2.299455e+00
2.296845e+00
2.318462e+00
2.357912e+00
2.299067e+00
2.292819e+00
2.294956e+00
2.297331e+00
2.311792e+00
2.325743e+00
2.304982e+00
2.328904e+00
2.286030e+00
2.305265e+00
2.291237e+00
2.323590e+00
2.319212e+00
2.325844e+00
2.336769e+00
2.275759e+00
2.307797e+00
2.305232e+00
2.321396e+00
2.316416e+00
2.311841e+00
2.293546e+00
2.290174e+00
2.323923e+00
2.306100e+00
2.304186e+00
2.293057e+00
2.342162e+00
2.283139e+00
2.279104e+00
2.321652e+00
2.298230e+00
2.284665e+00
2.297756e+00
2.273473e+00
2.314191e+00
2.297272e+00
2.331809e+00
2.326887e+00
2.323937e+00
2.322946e+00
2.337948e+00
2.335328e+00
2.312313e+00
2.328758e+00
2.283581e+00
2.292735e+00
2.303561e+00
2.304458e+00
2.308644e+00
2.292948e+00
2.303304e+00
2.323912e+00
2.312323e+00
2.347470e+00
2.314195e+00
2.277518e+00
2.300343e+00
2.308181e+00
2.330291e+00
2.284232e+00
2.272331e+00
2.337463e+00
2.298473e+00
2.326174e+00
2.306138e+00
2.295217e+00
2.277309e+00
2.281066e+00
2.298364e+00
2.326030e+00
2.277152e+00
2.332805e+00
2.328740e+00
2.305390e+00
2.332898e+00
2.320942e+00
2.355347e+00
2.334820e+00
2.293339e+00
2.320289e+00
2.300054e+00
2.313364e+00
2.320603e+00
2.302486e+00
2.309549e+00
2.304576e+00
2.307859e+00
2.295399e+00
2.324290e+00
2.278861e+00
2.317586e+00
2.294454e+00
2.320777e+00
2.311676e+00
2.301297e+00
2.292383e+00
2.261806e+00
2.351116e+00
2.322350e+00
2.285603e+00
2.309120e+00
2.326048e+00
2.312699e+00
2.283484e+00
2.300045e+00
2.273325e+00
2.304225e+00
2.325288e+00
2.288117e+00
2.338638e+00
2.338792e+00
2.312521e+00
2.292243e+00
2.327079e+00
2.327148e+00
2.326811e+00
2.305606e+00
2.310588e+00
2.303011e+00
2.304252e+00
2.338086e+00
2.297764e+00
2.323111e+00
2.309833e+00
2.309121e+00
2.270815e+00
2.284992e+00
2.288823e+00
2.325755e+00
2.303083e+00
2.307830e+00
2.312160e+00
2.270624e+00
2.292318e+00
2.300279e+00
2.323781e+00
2.323667e+00
2.313033e+00
2.289797e+00
2.324637e+00
2.290536e+00
2.291896e+00
2.341470e+00
2.318463e+00
2.319124e+00
2.284667e+00
2.313114e+00
2.306942e+00
2.307646e+00
2.296271e+00
2.310657e+00
2.279053e+00
2.267006e+00
2.347510e+00
2.343266e+00
2.284942e+00
2.308780e+00
2.322890e+00
2.319259e+00
2.334699e+00
2.271426e+00
2.308505e+00
2.308380e+00
2.315666e+00
2.278582e+00
2.302973e+00
2.297865e+00
2.320074e+00
2.260329e+00
2.317885e+00
2.306966e+00
2.333770e+00
2.298144e+00
2.304016e+00
2.308229e+00
2.346638e+00
2.341430e+00
2.322270e+00
2.316411e+00
2.303085e+00
2.333162e+00
2.296308e+00
2.331425e+00
2.293914e+00
2.308356e+00
2.343356e+00
2.296172e+00
2.280332e+00
2.294359e+00
2.279441e+00
2.321372e+00
2.313784e+00
2.290783e+00
2.301992e+00
2.287907e+00
2.312583e+00
2.300813e+00
2.295463e+00
2.309033e+00
2.307122e+00
2.315237e+00
2.335752e+00
2.330358e+00
2.330598e+00
2.325618e+00
2.294599e+00
2.333026e+00
2.304307e+00
2.265403e+00
2.342201e+00
2.322181e+00
2.300956e+00
2.366602e+00
2.306890e+00
