PARAMETERS
L              10
DIM            4
beta           0.200000
ntherm         5000
nsweep         50000
naccu          50
END PARAMETERS
2.971896e+00
3.037040e+00
2.940352e+00
3.019371e+00
2.979127e+00
2.980056e+00
3.065378e+00
2.970073e+00
3.003769e+00
2.934948e+00
2.957814e+00
2.994001e+00
3.020386e+00
2.969039e+00
2.931119e+00
2.937466e+00
2.993896e+00
3.030322e+00
3.007093e+00
2.982505e+00
3.027075e+00
3.016494e+00
2.999797e+00
2.987617e+00
2.965709e+00
3.045323e+00
3.033189e+00
2.888034e+00
3.010979e+00
3.010216e+00
3.054087e+00
2.949918e+00
2.972579e+00
2.930336e+00
3.019153e+00
3.019156e+00
3.003784e+00
3.041111e+00
2.993273e+00
2.993661e+00
2.965082e+00
2.973884e+00
3.035951e+00
2.967840e+00
3.020591e+00
3.021039e+00
3.014323e+00
3.003261e+00
2.976554e+00
3.081052e+00
2.959992e+00
2.987753e+00
3.009438e+00
2.952514e+00
2.956363e+00
2.978795e+00
3.013501e+00
3.073500e+00
2.987149e+00
2.983144e+00
3.001639e+00
2.924147e+00
3.008278e+00
3.008093e+00
3.025469e+00
3.048246e+00
3.006334e+00
3.040225e+00
2.969506e+00
2.996005e+00
2.962601e+00
2.962806e+00
3.049985e+00
3.088747e+00
2.968328e+00
2.992249e+00
2.967635e+00
2.950625e+00
3.001822e+00
2.906449e+00
2.994904e+00
3.031073e+00
2.964970e+00
2.890725e+00
3.064224e+00
2.958307e+00
3.033573e+00
3.068571e+00
3.065069e+00
3.005588e+00
3.030771e+00
2.965043e+00
2.981061e+00
2.925223e+00
2.959259e+00
2.906213e+00
3.040767e+00
3.011608e+00
3.020004e+00
3.027867e+00
2.983783e+00
3.083565e+00
3.011886e+00
3.008951e+00
3.102010e+00
2.983421e+00
3.034854e+00
3.016350e+00
3.034506e+00
2.977876e+00
2.998147e+00
2.965921e+00
3.016761e+00
2.944817e+00
2.930736e+00
2.918354e+00
2.978511e+00
2.984147e+00
2.987368e+00
2.956092e+00
2.974091e+00
3.026999e+00
3.023987e+00
2.940871e+00
3.002835e+00
2.977066e+00
3.011798e+00
3.010656e+00
2.988638e+00
2.951591e+00
3.001588e+00
3.057893e+00
3.003339e+00
2.978502e+00
2.936623e+00
2.975314e+00
3.011848e+00
2.976396e+00
3.080812e+00
3.033773e+00
3.006204e+00
2.971623e+00
2.954045e+00
2.970206e+00
2.938635e+00
2.948397e+00
2.990524e+00
2.942187e+00
2.940186e+00
3.035026e+00
3.029655e+00
3.026574e+00
2.998630e+00
3.019210e+00
3.024353e+00
3.041250e+00
2.974634e+00
2.952953e+00
2.943302e+00
2.983631e+00
2.937048e+00
3.031345e+00
2.928604e+00
2.983494e+00
2.957255e+00
2.950484e+00
3.000700e+00
2.991179e+00
3.031833e+00
2.977527e+00
3.031639e+00
2.965692e+00
3.017537e+00
2.951932e+00
3.019704e+00
3.033765e+00
2.985366e+00
3.037654e+00
2.968637e+00
3.043834e+00
3.037384e+00
3.042111e+00
2.973459e+00
3.034546e+00
2.902120e+00
3.091061e+00
3.024697e+00
3.001175e+00
3.024263e+00
3.032760e+00
2.948696e+00
2.919787e+00
2.961681e+00
3.049263e+00
2.961352e+00
3.047986e+00
2.967350e+00
3.043971e+00
2.943756e+00
2.984533e+00
2.952096e+00
2.950856e+00
3.044358e+00
2.963002e+00
3.059374e+00
3.003901e+00
3.007688e+00
2.965876e+00
2.989908e+00
3.012667e+00
3.060312e+00
3.019061e+00
3.016770e+00
2.989281e+00
3.066993e+00
2.974162e+00
2.991619e+00
2.993022e+00
3.034343e+00
3.004257e+00
2.995110e+00
2.984884e+00
3.016834e+00
3.069777e+00
3.066128e+00
3.012370e+00
3.027600e+00
3.028626e+00
2.965140e+00
2.998875e+00
2.938443e+00
3.009736e+00
2.970801e+00
2.988331e+00
2.963680e+00
3.030152e+00
3.035579e+00
3.037617e+00
3.001819e+00
3.043389e+00
2.956934e+00
3.054424e+00
3.021089e+00
2.921840e+00
3.010543e+00
3.024923e+00
3.039289e+00
3.013610e+00
3.052267e+00
2.984153e+00
2.970397e+00
3.020092e+00
3.052061e+00
3.050645e+00
2.975221e+00
2.961322e+00
3.020349e+00
2.928013e+00
3.028189e+00
2.941050e+00
2.923089e+00
3.037628e+00
2.927411e+00
2.968631e+00
3.015905e+00
3.006498e+00
2.932119e+00
2.989292e+00
3.040250e+00
2.982744e+00
3.038730e+00
3.011195e+00
2.998494e+00
2.941915e+00
3.021065e+00
2.962755e+00
2.933542e+00
2.961416e+00
3.034412e+00
3.050197e+00
2.981475e+00
3.024808e+00
2.971157e+00
2.991207e+00
2.981055e+00
2.925042e+00
3.053357e+00
2.982305e+00
3.002195e+00
3.056538e+00
3.071709e+00
3.004876e+00
2.950044e+00
2.985874e+00
2.904998e+00
3.007976e+00
2.942349e+00
3.020253e+00
3.000070e+00
2.958433e+00
3.032915e+00
2.969929e+00
2.974916e+00
3.062684e+00
2.966837e+00
2.965072e+00
3.024619e+00
2.981380e+00
3.013138e+00
3.040255e+00
2.957106e+00
3.035926e+00
2.965737e+00
2.983475e+00
3.059536e+00
3.073166e+00
3.056269e+00
3.034136e+00
3.027841e+00
3.033285e+00
2.977531e+00
3.028412e+00
2.937978e+00
2.960595e+00
3.026191e+00
2.970108e+00
2.974829e+00
3.007520e+00
2.969828e+00
2.990776e+00
3.035299e+00
2.984360e+00
3.012624e+00
2.986329e+00
2.987404e+00
2.980181e+00
2.962134e+00
3.044010e+00
3.021833e+00
2.936373e+00
2.994882e+00
2.947681e+00
2.981641e+00
3.014373e+00
2.984340e+00
3.020439e+00
2.959448e+00
2.983190e+00
3.003457e+00
3.010504e+00
2.971763e+00
2.971479e+00
3.071681e+00
3.013284e+00
3.024327e+00
3.009390e+00
2.989286e+00
2.948741e+00
3.063495e+00
2.935547e+00
3.021138e+00
2.944910e+00
2.992131e+00
2.915730e+00
2.979127e+00
2.937758e+00
3.015724e+00
2.978611e+00
3.020954e+00
2.982310e+00
3.007883e+00
2.954767e+00
2.999886e+00
2.925795e+00
2.920454e+00
2.931084e+00
2.988227e+00
3.000637e+00
2.969888e+00
3.044494e+00
3.006848e+00
2.975624e+00
3.016284e+00
3.023369e+00
3.067629e+00
2.966689e+00
3.013530e+00
2.947981e+00
3.001387e+00
3.001796e+00
3.062684e+00
3.061032e+00
3.064147e+00
2.965917e+00
3.032579e+00
2.937396e+00
3.060475e+00
2.954002e+00
3.002881e+00
2.981964e+00
3.022790e+00
2.967965e+00
3.025003e+00
2.989678e+00
2.996208e+00
2.993702e+00
2.953512e+00
3.010028e+00
3.086170e+00
2.940280e+00
2.947224e+00
3.014304e+00
3.004991e+00
3.026531e+00
3.022498e+00
2.988439e+00
3.044199e+00
3.036294e+00
3.013403e+00
2.967741e+00
3.029896e+00
2.973866e+00
3.018169e+00
3.057043e+00
3.038429e+00
3.011964e+00
3.008610e+00
2.966413e+00
2.955159e+00
2.989056e+00
3.077866e+00
2.983789e+00
3.023959e+00
2.966485e+00
3.021404e+00
2.954587e+00
3.050980e+00
3.038133e+00
3.007963e+00
2.947197e+00
3.047465e+00
3.025572e+00
2.988337e+00
2.945366e+00
2.950208e+00
3.047980e+00
3.032924e+00
3.048168e+00
2.903116e+00
2.975187e+00
2.951396e+00
2.950449e+00
2.964049e+00
2.974809e+00
2.974647e+00
2.989766e+00
3.060436e+00
3.064873e+00
2.921775e+00
3.034253e+00
2.925841e+00
2.938985e+00
3.000347e+00
2.968415e+00
2.973135e+00
3.036318e+00
2.934561e+00
3.018369e+00
3.052680e+00
3.014279e+00
2.971939e+00
3.004527e+00
2.986564e+00
3.051069e+00
2.991156e+00
2.944151e+00
2.975819e+00
2.939169e+00
3.057388e+00
3.037595e+00
3.008460e+00
3.088019e+00
3.002109e+00
3.024985e+00
2.941350e+00
2.991451e+00
2.959429e+00
2.952123e+00
3.017273e+00
3.010872e+00
2.964100e+00
3.012798e+00
3.009686e+00
2.965459e+00
3.001323e+00
2.989920e+00
2.998662e+00
3.003880e+00
2.977781e+00
3.027403e+00
3.013135e+00
2.977848e+00
2.981010e+00
3.053926e+00
2.963361e+00
3.031154e+00
3.014257e+00
2.978178e+00
2.966896e+00
2.974106e+00
3.002840e+00
3.003936e+00
3.017585e+00
2.988684e+00
3.008054e+00
2.992239e+00
3.036639e+00
2.989806e+00
3.016021e+00
3.006658e+00
2.983684e+00
3.045662e+00
3.067690e+00
2.956209e+00
3.033495e+00
2.985532e+00
3.023478e+00
3.012896e+00
2.986486e+00
3.051211e+00
3.059897e+00
2.951922e+00
3.031263e+00
2.942968e+00
2.918244e+00
3.022813e+00
3.019716e+00
2.995448e+00
2.910937e+00
3.022070e+00
2.961857e+00
2.935307e+00
2.979045e+00
2.941027e+00
2.971019e+00
3.023095e+00
3.002785e+00
2.951104e+00
3.030476e+00
3.015707e+00
2.967043e+00
2.965938e+00
3.044520e+00
2.949817e+00
2.991392e+00
2.924185e+00
2.979085e+00
3.026164e+00
2.911921e+00
3.015041e+00
2.994708e+00
3.013127e+00
2.999758e+00
2.952493e+00
3.009926e+00
2.990497e+00
2.982280e+00
2.991771e+00
3.053103e+00
2.954194e+00
2.969464e+00
3.020978e+00
3.011511e+00
3.032247e+00
2.971845e+00
3.039540e+00
3.032487e+00
3.047381e+00
2.996627e+00
2.979003e+00
3.046532e+00
2.995232e+00
3.057623e+00
2.990503e+00
2.979164e+00
2.961912e+00
2.988735e+00
3.002659e+00
2.988627e+00
2.930057e+00
2.980235e+00
3.015371e+00
3.047806e+00
2.996812e+00
3.046453e+00
3.067440e+00
3.022534e+00
3.014016e+00
2.971859e+00
3.037884e+00
3.031667e+00
3.055059e+00
2.978849e+00
3.055293e+00
3.121490e+00
2.974693e+00
3.009746e+00
3.013408e+00
3.051545e+00
2.983940e+00
2.929679e+00
3.087472e+00
3.025237e+00
2.955031e+00
3.012625e+00
3.024555e+00
3.063562e+00
3.009467e+00
2.973599e+00
3.066511e+00
2.994038e+00
2.988305e+00
3.009413e+00
2.987745e+00
2.967631e+00
3.030428e+00
2.999423e+00
2.996361e+00
3.089559e+00
2.915351e+00
3.027935e+00
3.016342e+00
3.028687e+00
3.030939e+00
2.959146e+00
2.990921e+00
3.033834e+00
3.011348e+00
2.918533e+00
2.960675e+00
3.025265e+00
3.033218e+00
3.042066e+00
3.008093e+00
3.050145e+00
3.048762e+00
3.027351e+00
2.978285e+00
3.018662e+00
3.045310e+00
2.948364e+00
2.953670e+00
3.000406e+00
2.938908e+00
3.005514e+00
2.993729e+00
3.045487e+00
3.003279e+00
2.989109e+00
2.994019e+00
2.995191e+00
2.952075e+00
2.967490e+00
2.921663e+00
3.034596e+00
2.982521e+00
3.012634e+00
3.038163e+00
3.031399e+00
3.012645e+00
2.959500e+00
3.009812e+00
3.094849e+00
3.001879e+00
2.985277e+00
2.944903e+00
2.951969e+00
3.040625e+00
2.974653e+00
3.019486e+00
2.959024e+00
2.985323e+00
2.994522e+00
3.039672e+00
3.014651e+00
2.929552e+00
3.032488e+00
3.029246e+00
3.002925e+00
2.978012e+00
3.049727e+00
3.012523e+00
3.023980e+00
2.982897e+00
3.053052e+00
2.999632e+00
2.964379e+00
2.927531e+00
2.938923e+00
2.980697e+00
3.015564e+00
2.975024e+00
2.988690e+00
3.015211e+00
2.995514e+00
3.115398e+00
2.990397e+00
3.065436e+00
3.000188e+00
2.999456e+00
3.038722e+00
2.953216e+00
3.028130e+00
3.018782e+00
2.997222e+00
3.002264e+00
3.019577e+00
2.926933e+00
2.950730e+00
2.975527e+00
2.960870e+00
3.023533e+00
3.007176e+00
3.017844e+00
3.028176e+00
2.926891e+00
3.052808e+00
3.020681e+00
3.027000e+00
3.010464e+00
3.023551e+00
2.978194e+00
3.047238e+00
2.921506e+00
2.998462e+00
2.973286e+00
3.022201e+00
3.038718e+00
2.993903e+00
3.037748e+00
3.073153e+00
2.987700e+00
3.021914e+00
2.995756e+00
3.028274e+00
2.984979e+00
3.001195e+00
3.010332e+00
3.046124e+00
2.968355e+00
2.981097e+00
3.055067e+00
3.088485e+00
3.023795e+00
2.975700e+00
2.981662e+00
2.981449e+00
3.007969e+00
2.933466e+00
2.947763e+00
2.994859e+00
3.012532e+00
2.926389e+00
2.980286e+00
3.015293e+00
3.020417e+00
2.998123e+00
3.051877e+00
2.972451e+00
2.940098e+00
2.950149e+00
2.976202e+00
2.992602e+00
3.015221e+00
3.015528e+00
3.028681e+00
3.043502e+00
2.949329e+00
2.990682e+00
2.995178e+00
2.979747e+00
3.005732e+00
2.951404e+00
3.003948e+00
2.959801e+00
3.029255e+00
2.988289e+00
3.006439e+00
3.001653e+00
3.061948e+00
2.975609e+00
3.010974e+00
3.077478e+00
3.034273e+00
3.019913e+00
3.012906e+00
2.991886e+00
2.980103e+00
3.034826e+00
2.980047e+00
2.985711e+00
3.047680e+00
3.035438e+00
2.984917e+00
3.029654e+00
3.010342e+00
3.015194e+00
2.904768e+00
2.978598e+00
2.989599e+00
2.926668e+00
2.981598e+00
2.932734e+00
2.983922e+00
2.948343e+00
3.021520e+00
2.999352e+00
2.995982e+00
3.004063e+00
3.022951e+00
2.989342e+00
3.023776e+00
3.002481e+00
3.008571e+00
3.057101e+00
2.985243e+00
2.979226e+00
2.963317e+00
3.062291e+00
3.030982e+00
3.034397e+00
3.011373e+00
2.960920e+00
2.947316e+00
3.055294e+00
3.016375e+00
3.010056e+00
3.009292e+00
2.999984e+00
2.994641e+00
2.981818e+00
2.903286e+00
3.019531e+00
3.015797e+00
3.014815e+00
3.056057e+00
3.013681e+00
2.995185e+00
2.986126e+00
3.008175e+00
2.934006e+00
2.961954e+00
3.035422e+00
2.952279e+00
2.976546e+00
2.986375e+00
2.959476e+00
3.020137e+00
2.947873e+00
2.978744e+00
2.944780e+00
2.974343e+00
2.995513e+00
3.007943e+00
2.977219e+00
3.038441e+00
2.997159e+00
3.002124e+00
3.078551e+00
2.954984e+00
3.004572e+00
3.016369e+00
2.997409e+00
3.088723e+00
3.001409e+00
2.971495e+00
3.003457e+00
2.988567e+00
2.929686e+00
3.042860e+00
2.960438e+00
2.999077e+00
2.960593e+00
3.061095e+00
2.957215e+00
3.038980e+00
2.988430e+00
3.000728e+00
2.946380e+00
2.946175e+00
2.974536e+00
2.957920e+00
3.007391e+00
3.093751e+00
2.927028e+00
3.076359e+00
3.090213e+00
3.048187e+00
2.932582e+00
2.956408e+00
2.996340e+00
3.038116e+00
3.055143e+00
2.956914e+00
2.990819e+00
3.002980e+00
3.041546e+00
2.966673e+00
2.984005e+00
2.994975e+00
3.023831e+00
2.980563e+00
3.019287e+00
3.035917e+00
3.014927e+00
3.065108e+00
2.989023e+00
2.945253e+00
3.005026e+00
3.045676e+00
3.052299e+00
2.984800e+00
2.974400e+00
3.015329e+00
3.028421e+00
2.987866e+00
3.025488e+00
3.028645e+00
3.006705e+00
3.096917e+00
3.006226e+00
3.027457e+00
2.989833e+00
2.977363e+00
3.021775e+00
2.986191e+00
2.922959e+00
2.989823e+00
3.015936e+00
3.060500e+00
2.990179e+00
2.971016e+00
3.052617e+00
2.999059e+00
2.970267e+00
2.995561e+00
2.971997e+00
3.046258e+00
3.095007e+00
2.999505e+00
3.060067e+00
2.979658e+00
2.953979e+00
2.912858e+00
2.987510e+00
3.010004e+00
2.972542e+00
3.002993e+00
3.001411e+00
2.992836e+00
2.996502e+00
2.933538e+00
3.038719e+00
3.024475e+00
2.999106e+00
3.066096e+00
2.991590e+00
3.044358e+00
2.966799e+00
3.022986e+00
2.918162e+00
2.976709e+00
3.083685e+00
2.979636e+00
2.965620e+00
2.975678e+00
3.051305e+00
3.008864e+00
2.960526e+00
2.973904e+00
2.933190e+00
2.926130e+00
2.978014e+00
2.967567e+00
3.048947e+00
3.039059e+00
2.972440e+00
2.976497e+00
2.972108e+00
3.020278e+00
3.024489e+00
2.980216e+00
2.951693e+00
2.983212e+00
2.938235e+00
3.091827e+00
3.116857e+00
2.970630e+00
3.000730e+00
3.029717e+00
