PARAMETERS
L              10
DIM            4
beta           1.600000
ntherm         5000
nsweep         50000
naccu          50
END PARAMETERS
9.546420e-01
9.428399e-01
9.454343e-01
9.586349e-01
9.445283e-01
9.466324e-01
9.550705e-01
9.413599e-01
9.470926e-01
9.456448e-01
9.483882e-01
9.538599e-01
9.417573e-01
9.494539e-01
9.383927e-01
9.430928e-01
9.573837e-01
9.509337e-01
9.508937e-01
9.531421e-01
9.488694e-01
9.420256e-01
9.544135e-01
9.350051e-01
9.448719e-01
9.449035e-01
9.450185e-01
9.522597e-01
9.570124e-01
9.557999e-01
9.549564e-01
9.546846e-01
9.507592e-01
9.399730e-01
9.509068e-01
9.514762e-01
9.541958e-01
9.482075e-01
9.486650e-01
9.413223e-01
9.533199e-01
9.375927e-01
9.460035e-01
9.427171e-01
9.469839e-01
9.460675e-01
9.444714e-01
9.336824e-01
9.459825e-01
9.401596e-01
9.417168e-01
9.592599e-01
9.442459e-01
9.563837e-01
9.536548e-01
9.521748e-01
9.513165e-01
9.384942e-01
9.572184e-01
9.444059e-01
9.452529e-01
9.465377e-01
9.362964e-01
9.415825e-01
9.472374e-01
9.478754e-01
9.360180e-01
9.478547e-01
9.563141e-01
9.513402e-01
9.504498e-01
9.464440e-01
9.379096e-01
9.532094e-01
9.520852e-01
9.460579e-01
9.562287e-01
9.543573e-01
9.403340e-01
9.542809e-01
9.357665e-01
9.458217e-01
9.498537e-01
9.496390e-01
9.375831e-01
9.454848e-01
9.480827e-01
9.458810e-01
9.429640e-01
9.454604e-01
9.597318e-01
9.574810e-01
9.505486e-01
9.547754e-01
9.450118e-01
9.482670e-01
9.484372e-01
9.483329e-01
9.517786e-01
9.458449e-01
9.392872e-01
9.395504e-01
9.452235e-01
9.544233e-01
9.460966e-01
9.487135e-01
9.432737e-01
9.409903e-01
9.411561e-01
9.434414e-01
9.463239e-01
9.390076e-01
9.451900e-01
9.414897e-01
9.496147e-01
9.489890e-01
9.449785e-01
9.474853e-01
9.409546e-01
9.566436e-01
9.555708e-01
9.441063e-01
9.431435e-01
9.504961e-01
9.558988e-01
9.462396e-01
9.556517e-01
9.516427e-01
9.498224e-01
9.465296e-01
9.488174e-01
9.446539e-01
9.426858e-01
9.376284e-01
9.475367e-01
9.607549e-01
9.487507e-01
9.487145e-01
9.449796e-01
9.484677e-01
9.529927e-01
9.428074e-01
9.536273e-01
9.521863e-01
9.530632e-01
9.551704e-01
9.543370e-01
9.443702e-01
9.402560e-01
9.477191e-01
9.506262e-01
9.512043e-01
9.465482e-01
9.498822e-01
9.426013e-01
9.404602e-01
9.570192e-01
9.475410e-01
9.423154e-01
9.438714e-01
9.516184e-01
9.464236e-01
9.411436e-01
9.350261e-01
9.569537e-01
9.443483e-01
9.495536e-01
9.488926e-01
9.524064e-01
9.455909e-01
9.506595e-01
9.403004e-01
9.463233e-01
9.472308e-01
9.451032e-01
9.529568e-01
9.426374e-01
9.500570e-01
9.511849e-01
9.495695e-01
9.522664e-01
9.563652e-01
9.441994e-01
9.431355e-01
9.512103e-01
9.441856e-01
9.480499e-01
9.442581e-01
9.425650e-01
9.528523e-01
9.465438e-01
9.409942e-01
9.451680e-01
9.444261e-01
9.550900e-01
9.407593e-01
9.480273e-01
9.434827e-01
9.417987e-01
9.456360e-01
9.543468e-01
9.415925e-01
9.487563e-01
9.428286e-01
9.508282e-01
9.409244e-01
9.422083e-01
9.323051e-01
9.400051e-01
9.509299e-01
9.528881e-01
9.489666e-01
9.463383e-01
9.462064e-01
9.538662e-01
9.429436e-01
9.535905e-01
9.460234e-01
9.410044e-01
9.538705e-01
9.406855e-01
9.449106e-01
9.586089e-01
9.654294e-01
9.496922e-01
9.525514e-01
9.398593e-01
9.474826e-01
9.597094e-01
9.447715e-01
9.413962e-01
9.511150e-01
9.467255e-01
9.487623e-01
9.618539e-01
9.538902e-01
9.431175e-01
9.351397e-01
9.529198e-01
9.357633e-01
9.607985e-01
9.348335e-01
9.474057e-01
9.465942e-01
9.417307e-01
9.498310e-01
9.475187e-01
9.404851e-01
9.442874e-01
9.489629e-01
9.490632e-01
9.472205e-01
9.459720e-01
9.479637e-01
9.387539e-01
9.487267e-01
9.366581e-01
9.506390e-01
9.522778e-01
9.464643e-01
9.443426e-01
9.497238e-01
9.419333e-01
9.510481e-01
9.507422e-01
9.598342e-01
9.457305e-01
9.444740e-01
9.475339e-01
9.393162e-01
9.536775e-01
9.537497e-01
9.481629e-01
9.417386e-01
9.477390e-01
9.469237e-01
9.448716e-01
9.441557e-01
9.551556e-01
9.501864e-01
9.520016e-01
9.499684e-01
9.481772e-01
9.463575e-01
9.552496e-01
9.531790e-01
9.542104e-01
9.483500e-01
9.504970e-01
9.475485e-01
9.542460e-01
9.564080e-01
9.428521e-01
9.364528e-01
9.502231e-01
9.477362e-01
9.563615e-01
9.451332e-01
9.577969e-01
9.506564e-01
9.363466e-01
9.422841e-01
9.435463e-01
9.429207e-01
9.426639e-01
9.517777e-01
9.509156e-01
9.456493e-01
9.500417e-01
9.511156e-01
9.408876e-01
9.493028e-01
9.436667e-01
9.559206e-01
9.402853e-01
9.392046e-01
9.534802e-01
9.429152e-01
9.446356e-01
9.433779e-01
9.538179e-01
9.408249e-01
9.396189e-01
9.438839e-01
9.447339e-01
9.406213e-01
9.465932e-01
9.566380e-01
9.442118e-01
9.468947e-01
9.502134e-01
9.470352e-01
9.440831e-01
9.501322e-01
9.520081e-01
9.486636e-01
9.386223e-01
9.553564e-01
9.523001e-01
9.525136e-01
9.465244e-01
9.531914e-01
9.598200e-01
9.511524e-01
9.365718e-01
9.364617e-01
9.452826e-01
9.436956e-01
9.398315e-01
9.513326e-01
9.535644e-01
9.554244e-01
9.544612e-01
9.450386e-01
9.577721e-01
9.493867e-01
9.506546e-01
9.428175e-01
9.492518e-01
9.429706e-01
9.478396e-01
9.390808e-01
9.476064e-01
9.481552e-01
9.519562e-01
9.524279e-01
9.464285e-01
9.481951e-01
9.506764e-01
9.392079e-01
9.436373e-01
9.372285e-01
9.560864e-01
9.352830e-01
9.529697e-01
9.434857e-01
9.473185e-01
9.483923e-01
9.598329e-01
9.475517e-01
9.514506e-01
9.575565e-01
9.473212e-01
9.569886e-01
9.519020e-01
9.412871e-01
9.374435e-01
9.539646e-01
9.442070e-01
9.584971e-01
9.487342e-01
9.442593e-01
9.453138e-01
9.529221e-01
9.505937e-01
9.435561e-01
9.503310e-01
9.507971e-01
9.415910e-01
9.547082e-01
9.465201e-01
9.440839e-01
9.444920e-01
9.501739e-01
9.450902e-01
9.450451e-01
9.510940e-01
9.438615e-01
9.503653e-01
9.499759e-01
9.509773e-01
9.584596e-01
9.446886e-01
9.464827e-01
9.432918e-01
9.481894e-01
9.529998e-01
9.558471e-01
9.507855e-01
9.498630e-01
9.531043e-01
9.474052e-01
9.503062e-01
9.503646e-01
9.462042e-01
9.484134e-01
9.481230e-01
9.476213e-01
9.458058e-01
9.512652e-01
9.434960e-01
9.490680e-01
9.518681e-01
9.485872e-01
9.517844e-01
9.510793e-01
9.510922e-01
9.427811e-01
9.476539e-01
9.511009e-01
9.430062e-01
9.398986e-01
9.510696e-01
9.386896e-01
9.521137e-01
9.369438e-01
9.490059e-01
9.479824e-01
9.547678e-01
9.473664e-01
9.499852e-01
9.443056e-01
9.377393e-01
9.524015e-01
9.463814e-01
9.462542e-01
9.512232e-01
9.486923e-01
9.472944e-01
9.478416e-01
9.513100e-01
9.467545e-01
9.425745e-01
9.445067e-01
9.453174e-01
9.509247e-01
9.413279e-01
9.527028e-01
9.441263e-01
9.497663e-01
9.419241e-01
9.485003e-01
9.523503e-01
9.488317e-01
9.496493e-01
9.439970e-01
9.464768e-01
9.553506e-01
9.439792e-01
9.498389e-01
9.534297e-01
9.442917e-01
9.501648e-01
9.490060e-01
9.468740e-01
9.574833e-01
9.456608e-01
9.468978e-01
9.435442e-01
9.446275e-01
9.418468e-01
9.444760e-01
9.471947e-01
9.454940e-01
9.499902e-01
9.473125e-01
9.390803e-01
9.503661e-01
9.499562e-01
9.554256e-01
9.411639e-01
9.468616e-01
9.390171e-01
9.455708e-01
9.520717e-01
9.447502e-01
9.586236e-01
9.516077e-01
9.442292e-01
9.457265e-01
9.471378e-01
9.543649e-01
9.544603e-01
9.563057e-01
9.492045e-01
9.550788e-01
9.454427e-01
9.465340e-01
9.447530e-01
9.416023e-01
9.372090e-01
9.379706e-01
9.386540e-01
9.572728e-01
9.449842e-01
9.496881e-01
9.337919e-01
9.413165e-01
9.506466e-01
9.496946e-01
9.562932e-01
9.498959e-01
9.427855e-01
9.436390e-01
9.447002e-01
9.502253e-01
9.504048e-01
9.456636e-01
9.418183e-01
9.503464e-01
9.441738e-01
9.364674e-01
9.438676e-01
9.429276e-01
9.502110e-01
9.471217e-01
9.462450e-01
9.554250e-01
9.581544e-01
9.403904e-01
9.573333e-01
9.473885e-01
9.561436e-01
9.419225e-01
9.484137e-01
9.508477e-01
9.529116e-01
9.517259e-01
9.465415e-01
9.470247e-01
9.540758e-01
9.552204e-01
9.452598e-01
9.436705e-01
9.456102e-01
9.417295e-01
9.495575e-01
9.584324e-01
9.473314e-01
9.378567e-01
9.576029e-01
9.485814e-01
9.397200e-01
9.440637e-01
9.501372e-01
9.534059e-01
9.477130e-01
9.470828e-01
9.488256e-01
9.519604e-01
9.481868e-01
9.427697e-01
9.532156e-01
9.458609e-01
9.413133e-01
9.522195e-01
9.418122e-01
9.409151e-01
9.415645e-01
9.509512e-01
9.477802e-01
9.520806e-01
9.548453e-01
9.402377e-01
9.587494e-01
9.389435e-01
9.544226e-01
9.519692e-01
9.515468e-01
9.475762e-01
9.455389e-01
9.445196e-01
9.429339e-01
9.464880e-01
9.613817e-01
9.444391e-01
9.526271e-01
9.430490e-01
9.492035e-01
9.441943e-01
9.558737e-01
9.491791e-01
9.420826e-01
9.365199e-01
9.340178e-01
9.496362e-01
9.531161e-01
9.483981e-01
9.390612e-01
9.465811e-01
9.424656e-01
9.422451e-01
9.443382e-01
9.444534e-01
9.562009e-01
9.480559e-01
9.443205e-01
9.418846e-01
9.446385e-01
9.507636e-01
9.443031e-01
9.504608e-01
9.488457e-01
9.476481e-01
9.561965e-01
9.524541e-01
9.458046e-01
9.406798e-01
9.528286e-01
9.448990e-01
9.505683e-01
9.443369e-01
9.484139e-01
9.504805e-01
9.569695e-01
9.411614e-01
9.436073e-01
9.458213e-01
9.534052e-01
9.513601e-01
9.507850e-01
9.511054e-01
9.460728e-01
9.513235e-01
9.477273e-01
9.591396e-01
9.576832e-01
9.510068e-01
9.443850e-01
9.463729e-01
9.539716e-01
9.371382e-01
9.530788e-01
9.557237e-01
9.440943e-01
9.415010e-01
9.493140e-01
9.520315e-01
9.527051e-01
9.431129e-01
9.430108e-01
9.449434e-01
9.524581e-01
9.412950e-01
9.451823e-01
9.488077e-01
9.461632e-01
9.446397e-01
9.470175e-01
9.474780e-01
9.517382e-01
9.433390e-01
9.462724e-01
9.457556e-01
9.494924e-01
9.562058e-01
9.513315e-01
9.437933e-01
9.499988e-01
9.591037e-01
9.574445e-01
9.462883e-01
9.447394e-01
9.359368e-01
9.335458e-01
9.429726e-01
9.324157e-01
9.553418e-01
9.346147e-01
9.528211e-01
9.497190e-01
9.573527e-01
9.430576e-01
9.462744e-01
9.478425e-01
9.441259e-01
9.431116e-01
9.472232e-01
9.476992e-01
9.517401e-01
9.374891e-01
9.398726e-01
9.482419e-01
9.407298e-01
9.462270e-01
9.507508e-01
9.393572e-01
9.464771e-01
9.448187e-01
9.483083e-01
9.416969e-01
9.493452e-01
9.514546e-01
9.451610e-01
9.445989e-01
9.510582e-01
9.454011e-01
9.529369e-01
9.374702e-01
9.387581e-01
9.648995e-01
9.478140e-01
9.487400e-01
9.342737e-01
9.536470e-01
9.418357e-01
9.435060e-01
9.452668e-01
9.496041e-01
9.512968e-01
9.497552e-01
9.460986e-01
9.428505e-01
9.403668e-01
9.453778e-01
9.424773e-01
9.517990e-01
9.444793e-01
9.449975e-01
9.522553e-01
9.469574e-01
9.562199e-01
9.432600e-01
9.456680e-01
9.478005e-01
9.433095e-01
9.319029e-01
9.539180e-01
9.548982e-01
9.474981e-01
9.460104e-01
9.402648e-01
9.467234e-01
9.466295e-01
9.438238e-01
9.505413e-01
9.410315e-01
9.418650e-01
9.543563e-01
9.417503e-01
9.500916e-01
9.564159e-01
9.522144e-01
9.470668e-01
9.557303e-01
9.430939e-01
9.403058e-01
9.429433e-01
9.447939e-01
9.433446e-01
9.387834e-01
9.428840e-01
9.393496e-01
9.480374e-01
9.541817e-01
9.436755e-01
9.434688e-01
9.452930e-01
9.469213e-01
9.497611e-01
9.385639e-01
9.440182e-01
9.463826e-01
9.542614e-01
9.498873e-01
9.521468e-01
9.451861e-01
9.498629e-01
9.450612e-01
9.518574e-01
9.499643e-01
9.462267e-01
9.547813e-01
9.541950e-01
9.534495e-01
9.521893e-01
9.477192e-01
9.470927e-01
9.432622e-01
9.450001e-01
9.429667e-01
9.496651e-01
9.369515e-01
9.551293e-01
9.473858e-01
9.462968e-01
9.523712e-01
9.555665e-01
9.533219e-01
9.498696e-01
9.390721e-01
9.493681e-01
9.528963e-01
9.488823e-01
9.495129e-01
9.484371e-01
9.465116e-01
9.451243e-01
9.545575e-01
9.477425e-01
9.569445e-01
9.422685e-01
9.457348e-01
9.437197e-01
9.481806e-01
9.539606e-01
9.480674e-01
9.496258e-01
9.443874e-01
9.412881e-01
9.511158e-01
9.435916e-01
9.464309e-01
9.519736e-01
9.449768e-01
9.439153e-01
9.424360e-01
9.460721e-01
9.429103e-01
9.433051e-01
9.425374e-01
9.536074e-01
9.544404e-01
9.488241e-01
9.517613e-01
9.497789e-01
9.432901e-01
9.539942e-01
9.350123e-01
9.442938e-01
9.580936e-01
9.555961e-01
9.495999e-01
9.402776e-01
9.416776e-01
9.457249e-01
9.488813e-01
9.567826e-01
9.484621e-01
9.574728e-01
9.429090e-01
9.511155e-01
9.485689e-01
9.518183e-01
9.469927e-01
9.495602e-01
9.522697e-01
9.509995e-01
9.503980e-01
9.429784e-01
9.596476e-01
9.438579e-01
9.544249e-01
9.446949e-01
9.455753e-01
9.438618e-01
9.476853e-01
9.531794e-01
9.427454e-01
9.401978e-01
9.481544e-01
9.449142e-01
9.528758e-01
9.454846e-01
9.427240e-01
9.438634e-01
9.453359e-01
9.465440e-01
9.483707e-01
9.555197e-01
9.433621e-01
9.485958e-01
9.451017e-01
9.533250e-01
9.466237e-01
9.494321e-01
9.464453e-01
9.385617e-01
9.513554e-01
9.428411e-01
9.386778e-01
9.514125e-01
9.614776e-01
9.487682e-01
9.457151e-01
9.524717e-01
9.447003e-01
9.579456e-01
9.368234e-01
9.501784e-01
9.570378e-01
9.428230e-01
9.444474e-01
9.436686e-01
9.398321e-01
9.567368e-01
9.475110e-01
9.477504e-01
9.455439e-01
9.512792e-01
9.492760e-01
9.474812e-01
9.483131e-01
9.521104e-01
9.454210e-01
9.598254e-01
9.547421e-01
9.479863e-01
9.521670e-01
9.384518e-01
9.467106e-01
9.458493e-01
9.494955e-01
9.526931e-01
9.544586e-01
9.527869e-01
9.539968e-01
9.455133e-01
9.497442e-01
9.447974e-01
9.514051e-01
9.439323e-01
9.461819e-01
9.515081e-01
9.428232e-01
9.379774e-01
9.595225e-01
9.468237e-01
9.437082e-01
9.493206e-01
9.465389e-01
9.554351e-01
9.496637e-01
9.492706e-01
9.523564e-01
9.471159e-01
9.550440e-01
9.494439e-01
9.431201e-01
9.451829e-01
9.459086e-01
9.480640e-01
9.500163e-01
9.529423e-01
9.470879e-01
9.366220e-01
9.562241e-01
9.503990e-01
9.469527e-01
9.516726e-01
9.555599e-01
9.451046e-01
9.466444e-01
9.497227e-01
9.472701e-01
9.498428e-01
9.409087e-01
9.467686e-01
9.538083e-01
9.572733e-01
9.483915e-01
9.588468e-01
9.427750e-01
9.472370e-01
9.426453e-01
9.438479e-01
9.529879e-01
9.554384e-01
9.488798e-01
9.532425e-01
