PARAMETERS
L              10
DIM            4
beta           3.200000
ntherm         5000
nsweep         50000
naccu          50
END PARAMETERS
2.978128e-01 1.191280e-01 5.122719e-02 1.877676e-02
2.995891e-01 1.123458e-01 4.491432e-02 2.882888e-02
2.982519e-01 1.183041e-01 5.130458e-02 3.431895e-02
2.980152e-01 1.088288e-01 4.161533e-02 2.120202e-02
2.973761e-01 1.224205e-01 5.634299e-02 2.776063e-02
2.981821e-01 1.184566e-01 4.948410e-02 2.034561e-02
2.978683e-01 1.117746e-01 5.996823e-02 3.990200e-02
2.967489e-01 1.172064e-01 5.985811e-02 1.066235e-02
2.976037e-01 1.202242e-01 6.149479e-02 2.442660e-02
2.953636e-01 1.217544e-01 5.639327e-02 2.570210e-02
2.950440e-01 1.162882e-01 4.979491e-02 2.855172e-02
2.988297e-01 1.137685e-01 4.527589e-02 3.313268e-02
2.979900e-01 1.178556e-01 4.750365e-02 4.372711e-02
2.966103e-01 1.133385e-01 5.380408e-02 1.612206e-02
2.976875e-01 1.228425e-01 3.955834e-02 1.301691e-02
2.975386e-01 1.150477e-01 4.217593e-02 1.538121e-02
2.972562e-01 1.160198e-01 5.899099e-02 2.976051e-02
2.994248e-01 1.180265e-01 4.831707e-02 2.886382e-02
2.950032e-01 1.160631e-01 3.951322e-02 3.015872e-02
2.976529e-01 1.166039e-01 4.755260e-02 2.488909e-02
3.000163e-01 1.254242e-01 4.885138e-02 2.499665e-02
2.946778e-01 1.094964e-01 4.658642e-02 4.140810e-02
2.974873e-01 1.155738e-01 5.235358e-02 2.939464e-02
3.002132e-01 1.198447e-01 5.065681e-02 1.522373e-02
2.974739e-01 1.170763e-01 4.272161e-02 1.400032e-02
2.967176e-01 1.228648e-01 5.317528e-02 3.031361e-02
2.951169e-01 1.166161e-01 4.749098e-02 4.062677e-03
2.968623e-01 1.153095e-01 4.708677e-02 6.031630e-02
2.918769e-01 1.146901e-01 4.221051e-02 1.387309e-02
2.969738e-01 1.200295e-01 4.366789e-02 3.139481e-02
2.973557e-01 1.189568e-01 3.945937e-02 5.035637e-03
2.960743e-01 1.113759e-01 5.425679e-02 3.108795e-02
2.946100e-01 1.179879e-01 5.006385e-02 1.810668e-02
2.983099e-01 1.191089e-01 4.168964e-02 2.957674e-02
2.954915e-01 1.174167e-01 5.118024e-02 2.661892e-02
2.946264e-01 1.209258e-01 4.844942e-02 2.437246e-02
2.962279e-01 1.194269e-01 3.661546e-02 1.215127e-02
2.929811e-01 1.198443e-01 5.248236e-02 1.367829e-02
2.938522e-01 1.193698e-01 5.061863e-02 1.354412e-02
2.976177e-01 1.197379e-01 4.707361e-02 -1.337872e-02
2.967944e-01 1.135907e-01 5.042139e-02 3.063374e-02
2.972847e-01 1.178372e-01 5.235926e-02 1.388050e-02
2.977332e-01 1.223108e-01 4.803596e-02 4.065598e-02
2.963795e-01 1.190531e-01 5.198366e-02 3.521953e-02
2.965641e-01 1.203507e-01 4.367739e-02 6.112969e-03
2.986365e-01 1.226814e-01 4.241399e-02 1.884301e-02
2.936544e-01 1.212276e-01 5.756366e-02 1.704540e-02
2.946374e-01 1.194682e-01 3.764250e-02 1.853999e-02
2.962279e-01 1.191466e-01 4.695282e-02 3.061284e-02
2.964444e-01 1.150243e-01 2.819567e-02 4.556903e-02
2.945532e-01 1.227251e-01 4.057695e-02 2.843847e-02
2.958261e-01 1.164272e-01 3.924103e-02 1.043151e-02
2.964368e-01 1.149823e-01 4.513043e-02 2.304582e-02
2.991944e-01 1.235356e-01 5.195998e-02 4.696948e-02
2.948961e-01 1.152728e-01 3.565911e-02 4.421880e-02
2.951686e-01 1.170550e-01 3.826284e-02 3.127858e-03
2.975699e-01 1.100102e-01 5.242250e-02 6.121354e-03
2.965422e-01 1.173977e-01 4.404584e-02 6.223585e-03
2.975969e-01 1.170738e-01 4.763145e-02 1.239354e-02
2.918468e-01 1.130553e-01 4.706337e-02 1.444690e-02
2.951995e-01 1.171742e-01 4.218436e-02 4.694984e-03
2.980307e-01 1.170089e-01 5.888746e-02 2.446611e-02
2.954101e-01 1.207656e-01 5.854152e-02 2.525933e-02
2.992285e-01 1.182136e-01 4.932916e-02 3.902008e-02
2.968989e-01 1.176218e-01 5.282527e-02 1.371758e-02
2.983874e-01 1.224842e-01 5.568300e-02 2.989679e-02
2.948180e-01 1.127510e-01 4.694508e-02 -1.641648e-04
2.970425e-01 1.204280e-01 5.559842e-02 5.484080e-03
2.969519e-01 1.163071e-01 5.637608e-02 3.794200e-02
2.954059e-01 1.140325e-01 4.988102e-02 2.829406e-02
2.936725e-01 1.113252e-01 4.631293e-02 1.444305e-02
3.004406e-01 1.202193e-01 5.816189e-02 6.550560e-03
2.944783e-01 1.156471e-01 4.759773e-02 2.531148e-02
2.993804e-01 1.191713e-01 6.038220e-02 2.104874e-02
2.978242e-01 1.121975e-01 5.697493e-02 3.182805e-02
2.952190e-01 1.178943e-01 4.800245e-02 -6.455474e-03
2.975751e-01 1.192148e-01 4.434507e-02 1.951449e-02
2.982113e-01 1.120574e-01 4.329054e-02 4.740307e-02
2.971111e-01 1.156000e-01 4.663239e-02 -5.690791e-03
2.980101e-01 1.157484e-01 4.199012e-02 3.032772e-02
2.983468e-01 1.178446e-01 3.944123e-02 8.226642e-03
2.936090e-01 1.194222e-01 4.792818e-02 2.832674e-03
2.965929e-01 1.158603e-01 4.849153e-02 4.098556e-02
2.977130e-01 1.201615e-01 4.767576e-02 7.313272e-02
2.961872e-01 1.171005e-01 5.477038e-02 4.673804e-02
2.966758e-01 1.191740e-01 4.993308e-02 2.747125e-02
2.955484e-01 1.199775e-01 4.283853e-02 1.589768e-02
2.982157e-01 1.147481e-01 4.314104e-02 1.924379e-02
2.969257e-01 1.137907e-01 3.767336e-02 3.510569e-02
2.969058e-01 1.090403e-01 4.347112e-02 2.982716e-02
2.954884e-01 1.127024e-01 4.016600e-02 6.827496e-02
2.996623e-01 1.176525e-01 6.846500e-02 8.759251e-03
2.966398e-01 1.193969e-01 4.528114e-02 -1.007511e-02
2.948080e-01 1.132693e-01 3.105310e-02 4.500600e-02
2.961093e-01 1.158783e-01 4.583836e-02 5.713382e-03
2.945684e-01 1.119198e-01 4.011959e-02 9.388017e-03
2.958731e-01 1.201470e-01 4.396929e-02 3.075846e-02
2.988627e-01 1.196978e-01 4.425452e-02 -5.808218e-03
2.940007e-01 1.143640e-01 4.077968e-02 3.592346e-02
2.994268e-01 1.171001e-01 4.669515e-02 2.577122e-02
2.995795e-01 1.192856e-01 5.636172e-02 4.795356e-02
2.979496e-01 1.150345e-01 3.406022e-02 4.855820e-02
2.961906e-01 1.213663e-01 4.116704e-02 6.279820e-02
2.934275e-01 1.129684e-01 4.111254e-02 1.548534e-02
2.967975e-01 1.149728e-01 4.032542e-02 2.268917e-02
3.006262e-01 1.178619e-01 5.210663e-02 2.938536e-02
2.981952e-01 1.242790e-01 5.247846e-02 1.610757e-02
2.937471e-01 1.141588e-01 4.535649e-02 1.613910e-02
2.956627e-01 1.185360e-01 3.708539e-02 3.755542e-02
2.975731e-01 1.149891e-01 4.395011e-02 4.028384e-02
2.963294e-01 1.110983e-01 4.167647e-02 -2.397701e-03
2.965013e-01 1.140157e-01 5.435271e-02 2.974033e-05
2.973071e-01 1.175179e-01 3.836628e-02 3.098010e-02
2.977699e-01 1.104434e-01 5.689978e-02 4.590419e-02
2.963841e-01 1.135386e-01 4.245014e-02 1.786030e-02
2.959626e-01 1.096464e-01 4.105912e-02 3.558168e-02
2.991675e-01 1.138269e-01 5.939308e-02 1.863172e-02
2.977924e-01 1.157199e-01 3.348022e-02 3.371985e-02
2.965919e-01 1.125274e-01 5.562352e-02 2.013326e-02
2.957301e-01 1.205581e-01 5.345233e-02 -6.603503e-03
2.994490e-01 1.148359e-01 4.837786e-02 4.373291e-02
2.956218e-01 1.152826e-01 4.200845e-02 1.375533e-02
2.995672e-01 1.208364e-01 5.603198e-02 1.707282e-02
2.951164e-01 1.119983e-01 5.529163e-02 1.543761e-02
2.980525e-01 1.206087e-01 5.155845e-02 3.346681e-02
2.997176e-01 1.144365e-01 6.611845e-02 1.401617e-02
2.974461e-01 1.190145e-01 5.368814e-02 -6.915029e-03
2.989122e-01 1.130246e-01 5.322603e-02 2.153340e-02
2.974024e-01 1.112670e-01 3.990352e-02 2.829360e-02
2.971258e-01 1.124356e-01 4.558793e-02 1.317983e-02
2.950671e-01 1.132931e-01 4.103341e-02 2.365615e-02
2.956661e-01 1.216587e-01 4.400595e-02 5.976916e-02
2.986699e-01 1.179945e-01 3.533013e-02 3.053215e-02
2.942280e-01 1.159940e-01 3.888441e-02 4.917868e-02
2.959706e-01 1.169855e-01 5.483037e-02 3.911626e-02
2.952716e-01 1.227744e-01 4.413326e-02 -1.617326e-02
2.933748e-01 1.116020e-01 5.936264e-02 8.456215e-03
2.957393e-01 1.176711e-01 4.592742e-02 2.341762e-02
2.953999e-01 1.209977e-01 4.602102e-02 3.627860e-02
2.950141e-01 1.110702e-01 4.481165e-02 5.140557e-02
2.983544e-01 1.158888e-01 4.905105e-02 1.375274e-02
2.975986e-01 1.209271e-01 4.218842e-02 -5.128108e-03
2.954224e-01 1.156608e-01 4.386886e-02 1.779107e-02
2.956883e-01 1.212632e-01 4.910574e-02 1.572198e-02
2.943628e-01 1.200322e-01 5.051434e-02 1.467361e-02
2.971552e-01 1.206447e-01 3.848824e-02 1.019768e-02
2.949022e-01 1.129690e-01 4.516470e-02 3.146242e-02
2.967103e-01 1.094569e-01 4.078715e-02 4.276164e-02
2.944790e-01 1.171368e-01 4.533929e-02 3.981756e-02
2.987501e-01 1.195988e-01 4.458823e-02 2.563830e-02
2.987435e-01 1.155865e-01 5.001005e-02 1.582003e-02
2.975317e-01 1.201843e-01 4.346195e-02 6.203752e-03
2.929788e-01 1.169072e-01 4.808016e-02 2.427270e-02
2.972405e-01 1.220898e-01 5.099110e-02 6.850855e-03
2.977807e-01 1.176245e-01 4.779388e-02 1.666508e-02
2.946632e-01 1.183004e-01 5.008349e-02 1.429523e-02
3.000944e-01 1.230419e-01 5.413786e-02 1.938534e-02
2.950737e-01 1.198321e-01 4.806964e-02 3.027262e-02
3.003270e-01 1.166219e-01 4.870775e-02 4.134778e-02
2.994201e-01 1.167909e-01 3.853103e-02 1.263578e-03
2.986592e-01 1.167158e-01 3.718010e-02 -5.887208e-03
2.972023e-01 1.160456e-01 3.847357e-02 5.766954e-02
2.986717e-01 1.151283e-01 4.891931e-02 3.601732e-02
2.957027e-01 1.141693e-01 4.138844e-02 1.474945e-02
2.971019e-01 1.166885e-01 4.829201e-02 -3.745395e-03
2.959465e-01 1.176454e-01 5.249212e-02 4.295371e-02
2.947175e-01 1.184931e-01 4.083432e-02 1.788151e-02
2.946451e-01 1.176915e-01 5.460454e-02 4.991281e-02
2.929497e-01 1.133119e-01 5.399340e-02 4.097661e-03
2.960022e-01 1.109215e-01 5.010845e-02 1.930699e-02
2.984123e-01 1.215733e-01 4.890708e-02 1.303225e-02
2.977969e-01 1.088015e-01 5.017706e-02 1.086536e-02
2.975505e-01 1.156648e-01 5.341120e-02 1.503125e-02
2.978324e-01 1.124562e-01 4.928413e-02 9.566410e-03
2.973358e-01 1.158307e-01 4.426564e-02 2.831001e-02
2.949405e-01 1.184369e-01 3.604994e-02 3.235822e-02
2.966021e-01 1.186543e-01 5.789171e-02 2.150608e-02
2.969270e-01 1.155100e-01 4.421471e-02 2.334885e-02
2.972362e-01 1.133203e-01 3.377823e-02 1.803022e-02
2.986124e-01 1.186914e-01 4.977219e-02 9.272475e-03
2.955274e-01 1.149977e-01 4.399265e-02 7.377736e-03
2.968861e-01 1.113964e-01 5.601810e-02 2.872649e-02
2.954178e-01 1.173762e-01 3.911553e-02 2.241868e-02
2.984795e-01 1.117344e-01 4.542326e-02 4.114102e-02
2.965448e-01 1.126375e-01 4.374989e-02 2.761288e-02
2.956838e-01 1.149677e-01 4.243388e-02 1.993045e-02
2.967655e-01 1.107842e-01 4.544023e-02 2.245928e-02
2.995666e-01 1.183844e-01 5.768684e-02 3.369391e-02
2.985228e-01 1.214356e-01 5.560358e-02 5.457049e-03
2.959674e-01 1.163071e-01 6.345264e-02 2.513112e-02
2.963951e-01 1.250311e-01 5.063112e-02 -2.993837e-03
2.942087e-01 1.229817e-01 6.019506e-02 1.295962e-02
2.952231e-01 1.152405e-01 4.823219e-02 7.053403e-02
2.963698e-01 1.138413e-01 5.183948e-02 3.187488e-02
2.988450e-01 1.161486e-01 5.300877e-02 3.939340e-02
2.958280e-01 1.163710e-01 4.187037e-02 2.721169e-02
2.942460e-01 1.216300e-01 5.938938e-02 2.836940e-02
2.935840e-01 1.211457e-01 4.398151e-02 2.641344e-02
2.950178e-01 1.134706e-01 5.213420e-02 6.452208e-03
2.973826e-01 1.166819e-01 3.543595e-02 3.285307e-02
2.970454e-01 1.170603e-01 5.353741e-02 1.474181e-02
2.980256e-01 1.145312e-01 5.743406e-02 1.579075e-02
2.971132e-01 1.197229e-01 3.108978e-02 1.083302e-02
2.944862e-01 1.155769e-01 3.925939e-02 2.307491e-02
2.970472e-01 1.158118e-01 5.430735e-02 2.179721e-02
2.981244e-01 1.183068e-01 4.378470e-02 3.658587e-02
2.970317e-01 1.129698e-01 5.600264e-02 2.599345e-02
2.972835e-01 1.127725e-01 4.915096e-02 3.864296e-02
2.980349e-01 1.153063e-01 5.264741e-02 3.584976e-02
2.964457e-01 1.101477e-01 5.065249e-02 1.201904e-02
2.969374e-01 1.188249e-01 5.296275e-02 2.365424e-02
2.993847e-01 1.151398e-01 4.476712e-02 4.266342e-02
2.958123e-01 1.179611e-01 5.647504e-02 3.208153e-02
2.951360e-01 1.218438e-01 3.446765e-02 2.405444e-02
2.989713e-01 1.231682e-01 4.420057e-02 3.208125e-02
2.972181e-01 1.106963e-01 4.613813e-02 1.598759e-02
2.982960e-01 1.209021e-01 3.514684e-02 4.535767e-03
2.941201e-01 1.085589e-01 3.204889e-02 -5.339303e-04
2.988807e-01 1.098739e-01 3.802245e-02 6.103943e-02
2.946969e-01 1.134240e-01 4.355246e-02 3.595588e-02
2.964994e-01 1.124838e-01 4.830345e-02 7.615781e-03
2.965370e-01 1.144983e-01 4.530227e-02 3.935454e-02
2.963604e-01 1.175164e-01 4.302238e-02 4.304679e-03
2.989153e-01 1.198232e-01 3.893583e-02 2.905023e-02
2.974605e-01 1.145320e-01 6.113385e-02 2.478481e-02
2.978611e-01 1.145231e-01 5.640117e-02 9.948246e-03
2.948969e-01 1.182855e-01 4.657282e-02 8.990516e-03
2.971486e-01 1.217277e-01 5.336134e-02 2.500678e-02
2.972931e-01 1.168304e-01 3.675597e-02 3.326762e-02
2.968568e-01 1.223934e-01 5.054731e-02 8.719021e-03
3.000550e-01 1.167446e-01 4.973125e-02 8.832647e-03
2.966686e-01 1.183512e-01 4.557986e-02 3.346133e-02
2.963832e-01 1.189047e-01 5.290581e-02 4.675062e-02
2.987102e-01 1.108020e-01 4.340209e-02 3.724515e-02
2.950366e-01 1.088828e-01 4.163883e-02 9.328626e-03
2.965978e-01 1.173526e-01 5.020552e-02 2.240294e-02
2.965939e-01 1.133870e-01 4.993607e-02 4.767869e-02
2.954999e-01 1.156593e-01 4.184063e-02 1.005085e-02
2.970086e-01 1.145856e-01 4.123037e-02 5.030982e-03
2.965947e-01 1.193763e-01 4.138209e-02 -5.001646e-03
2.948105e-01 1.231331e-01 5.272294e-02 1.359566e-02
2.963730e-01 1.167489e-01 5.895996e-02 5.525457e-03
2.985084e-01 1.216031e-01 3.841366e-02 2.901742e-02
2.966979e-01 1.165552e-01 4.470976e-02 6.286862e-03
2.962304e-01 1.188371e-01 5.895041e-02 9.898560e-03
2.989288e-01 1.174005e-01 4.910003e-02 1.856351e-02
2.950192e-01 1.206613e-01 5.030065e-02 4.090602e-02
2.978912e-01 1.162967e-01 3.717308e-02 5.816661e-02
2.967412e-01 1.109449e-01 4.530808e-02 2.117873e-02
2.953085e-01 1.154926e-01 5.382612e-02 2.172772e-02
2.980049e-01 1.160669e-01 6.029324e-02 2.227695e-02
2.959727e-01 1.187847e-01 5.167869e-02 2.643496e-02
2.982193e-01 1.110630e-01 4.743586e-02 3.801956e-02
2.989555e-01 1.229550e-01 4.028204e-02 3.055570e-02
2.971457e-01 1.147512e-01 4.169063e-02 3.611182e-02
2.975967e-01 1.200444e-01 5.622861e-02 2.982942e-03
2.974690e-01 1.220624e-01 5.155702e-02 1.120870e-02
2.950123e-01 1.116895e-01 4.433459e-02 3.226642e-03
2.957520e-01 1.190237e-01 4.103746e-02 1.514529e-02
2.986741e-01 1.207609e-01 4.622276e-02 1.663845e-02
2.968066e-01 1.216020e-01 4.486289e-02 1.394764e-02
2.981003e-01 1.126429e-01 4.180431e-02 -6.510595e-03
2.927846e-01 1.156864e-01 4.345240e-02 3.128675e-02
2.944559e-01 1.144381e-01 3.790588e-02 1.283645e-02
2.953892e-01 1.089046e-01 4.535034e-02 1.829231e-02
2.961436e-01 1.154377e-01 4.606772e-02 1.630011e-02
2.952912e-01 1.138855e-01 5.815676e-02 1.782108e-02
2.953169e-01 1.208999e-01 5.168963e-02 1.722696e-02
2.960816e-01 1.230332e-01 4.109386e-02 3.566359e-02
2.984917e-01 1.155577e-01 4.706986e-02 1.235209e-02
2.980903e-01 1.165217e-01 6.407006e-02 1.094336e-02
2.970417e-01 1.184580e-01 4.855122e-02 4.057468e-02
2.969188e-01 1.135598e-01 4.625357e-02 3.316891e-02
2.978438e-01 1.159546e-01 2.932675e-02 -8.534090e-03
2.963999e-01 1.175179e-01 4.593180e-02 7.702104e-03
2.985661e-01 1.179009e-01 5.955460e-02 4.204988e-02
2.974836e-01 1.165856e-01 4.660134e-02 7.319264e-03
2.983398e-01 1.100826e-01 4.832111e-02 1.943768e-02
2.946099e-01 1.142220e-01 3.809339e-02 5.285783e-02
2.963046e-01 1.157034e-01 4.652045e-02 4.128237e-02
2.969797e-01 1.166624e-01 3.512365e-02 1.667832e-02
2.965182e-01 1.114222e-01 4.077535e-02 1.112535e-02
2.946368e-01 1.122562e-01 4.858583e-02 1.690236e-02
2.975713e-01 1.185640e-01 4.624983e-02 5.112273e-02
2.969519e-01 1.094389e-01 4.803699e-02 1.022288e-02
2.960296e-01 1.151147e-01 4.958293e-02 2.934603e-02
2.984419e-01 1.161283e-01 5.578887e-02 1.633794e-02
2.938324e-01 1.127979e-01 3.900874e-02 3.126109e-02
2.961548e-01 1.161405e-01 4.658533e-02 2.012495e-02
2.937326e-01 1.153120e-01 6.289277e-02 8.036891e-03
2.954742e-01 1.100882e-01 3.927152e-02 3.318274e-02
2.954191e-01 1.176887e-01 4.469984e-02 4.051924e-02
2.972978e-01 1.135370e-01 4.560836e-02 7.408465e-03
2.969030e-01 1.215439e-01 5.295290e-02 3.385551e-02
2.966287e-01 1.137367e-01 4.797720e-02 2.722377e-02
2.946814e-01 1.239563e-01 4.861930e-02 1.406572e-02
2.961611e-01 1.136364e-01 4.562658e-02 2.458861e-02
2.970711e-01 1.258055e-01 4.240336e-02 2.993397e-02
2.964284e-01 1.167511e-01 4.389899e-02 2.642360e-02
2.958327e-01 1.101921e-01 4.676490e-02 5.691987e-02
2.951529e-01 1.112781e-01 5.456120e-02 -5.419429e-03
2.964561e-01 1.210284e-01 4.111759e-02 5.360416e-02
2.994247e-01 1.177276e-01 5.417196e-02 2.859634e-02
2.952057e-01 1.163380e-01 4.360887e-02 2.442797e-02
2.955419e-01 1.191347e-01 5.091646e-02 6.449131e-03
2.965667e-01 1.134644e-01 4.673507e-02 3.208774e-02
2.956196e-01 1.167423e-01 4.031303e-02 3.051877e-02
2.966802e-01 1.176961e-01 4.245603e-02 1.140337e-02
2.983042e-01 1.135549e-01 6.048536e-02 2.458777e-02
2.969215e-01 1.153865e-01 4.737064e-02 2.765695e-02
2.964049e-01 1.143330e-01 4.828802e-02 4.840668e-02
2.951206e-01 1.166473e-01 4.947516e-02 2.975777e-02
2.999207e-01 1.177061e-01 6.488138e-02 1.970472e-02
2.971534e-01 1.199862e-01 4.336961e-02 2.063270e-02
2.962808e-01 1.218943e-01 4.989349e-02 -1.603444e-03
2.954557e-01 1.172514e-01 4.721548e-02 8.338778e-03
2.966164e-01 1.132393e-01 4.579736e-02 3.124902e-02
2.962060e-01 1.136194e-01 5.666326e-02 4.419651e-02
2.967930e-01 1.106893e-01 4.486931e-02 2.586610e-02
2.969155e-01 1.158024e-01 5.634218e-02 3.222139e-02
2.968001e-01 1.148209e-01 5.387668e-02 4.067991e-02
2.970131e-01 1.209354e-01 4.407601e-02 3.557784e-02
2.965689e-01 1.138044e-01 4.636869e-02 7.619484e-03
2.986711e-01 1.206673e-01 4.017313e-02 -9.527065e-04
2.937499e-01 1.098696e-01 3.909565e-02 8.378228e-03
2.985560e-01 1.177058e-01 3.795857e-02 2.206451e-02
2.959968e-01 1.200728e-01 4.504003e-02 9.914901e-03
2.948123e-01 1.159077e-01 4.661406e-02 6.474262e-03
2.946785e-01 1.210871e-01 5.602211e-02 1.091716e-02
2.954663e-01 1.187262e-01 5.128759e-02 2.051553e-02
2.988056e-01 1.212803e-01 3.744056e-02 1.948393e-02
2.935567e-01 1.080237e-01 5.659137e-02 1.245674e-02
2.970325e-01 1.152919e-01 5.597150e-02 1.642313e-02
2.979904e-01 1.166960e-01 4.681562e-02 2.571603e-02
2.965830e-01 1.172260e-01 4.645202e-02 1.681774e-02
2.981039e-01 1.241910e-01 5.140034e-02 3.438884e-02
2.967987e-01 1.205639e-01 5.202294e-02 -1.608320e-02
2.986882e-01 1.188349e-01 4.318411e-02 1.875968e-03
2.964220e-01 1.142569e-01 5.203875e-02 3.060515e-02
2.958299e-01 1.158642e-01 4.224570e-02 3.772937e-02
2.949775e-01 1.161895e-01 3.741435e-02 2.218728e-02
2.962352e-01 1.171777e-01 4.845318e-02 2.590453e-02
2.981257e-01 1.147172e-01 6.056661e-02 3.566690e-02
2.970363e-01 1.161086e-01 5.072206e-02 -3.201282e-03
2.956538e-01 1.198630e-01 5.461491e-02 2.676875e-03
2.981678e-01 1.192398e-01 5.135203e-02 3.481927e-02
2.987738e-01 1.154999e-01 4.224537e-02 3.256050e-02
2.977791e-01 1.165342e-01 4.913814e-02 1.170338e-02
2.977909e-01 1.166977e-01 5.059219e-02 3.942761e-02
2.955216e-01 1.171195e-01 4.331900e-02 2.830916e-02
2.946327e-01 1.181938e-01 4.993811e-02 1.448417e-02
2.971812e-01 1.232589e-01 4.785311e-02 5.683201e-03
2.934219e-01 1.161702e-01 3.012379e-02 4.184044e-02
2.955717e-01 1.124499e-01 5.150632e-02 2.286994e-02
2.979749e-01 1.082028e-01 5.003372e-02 3.349700e-02
2.937442e-01 1.138553e-01 2.856798e-02 3.218037e-02
2.977256e-01 1.152858e-01 5.346988e-02 4.334248e-02
2.961789e-01 1.189088e-01 3.212767e-02 1.948908e-02
2.954705e-01 1.163538e-01 6.585623e-02 3.878695e-02
2.989457e-01 1.231343e-01 3.788788e-02 4.624170e-02
2.986099e-01 1.220702e-01 5.538680e-02 3.425338e-02
2.944726e-01 1.155656e-01 4.068230e-02 3.389756e-02
2.967129e-01 1.218664e-01 4.973204e-02 3.341074e-02
2.979663e-01 1.236208e-01 5.610218e-02 3.751282e-02
2.964341e-01 1.220141e-01 5.718738e-02 8.681847e-03
2.969112e-01 1.194307e-01 4.980671e-02 5.307039e-02
2.977790e-01 1.190196e-01 4.726207e-02 7.969756e-03
2.989307e-01 1.197604e-01 5.039675e-02 1.330090e-02
2.944500e-01 1.131972e-01 5.148319e-02 4.067730e-02
2.966636e-01 1.178950e-01 4.138625e-02 1.141598e-02
2.983998e-01 1.192758e-01 4.963930e-02 3.113555e-02
2.996626e-01 1.170763e-01 5.734190e-02 2.379009e-02
2.959650e-01 1.116669e-01 4.227492e-02 2.307878e-02
2.960834e-01 1.157798e-01 4.182298e-02 7.773353e-03
2.977718e-01 1.158540e-01 3.527661e-02 3.687001e-02
2.968539e-01 1.167122e-01 4.196172e-02 2.203904e-02
2.957506e-01 1.161449e-01 3.672629e-02 2.866255e-02
2.959758e-01 1.156093e-01 3.466047e-02 2.124590e-02
2.936858e-01 1.106618e-01 4.870677e-02 -4.896518e-03
2.967818e-01 1.107714e-01 4.052952e-02 4.140949e-02
2.974111e-01 1.160206e-01 5.001682e-02 1.146623e-02
3.000367e-01 1.137036e-01 4.427699e-02 1.734973e-02
2.948535e-01 1.121016e-01 5.077544e-02 6.135746e-03
2.956772e-01 1.156862e-01 5.556751e-02 5.179628e-02
2.986634e-01 1.140865e-01 4.524245e-02 -8.806241e-03
2.941258e-01 1.071351e-01 4.719724e-02 1.093670e-02
2.939460e-01 1.157863e-01 4.904611e-02 -4.143059e-03
2.958771e-01 1.255932e-01 5.785653e-02 2.947105e-02
2.971920e-01 1.135759e-01 4.413199e-02 1.435282e-02
2.969159e-01 1.218713e-01 3.998792e-02 3.663507e-02
2.961523e-01 1.109427e-01 4.591781e-02 2.202952e-02
2.962690e-01 1.171516e-01 4.676830e-02 2.876207e-02
2.999138e-01 1.178886e-01 3.438861e-02 2.851479e-02
3.016701e-01 1.202099e-01 5.601189e-02 3.304695e-02
2.968165e-01 1.190059e-01 4.546178e-02 2.195197e-02
2.970624e-01 1.168010e-01 4.815189e-02 2.499890e-02
2.960723e-01 1.195016e-01 5.666343e-02 4.126485e-02
2.968210e-01 1.123098e-01 4.064575e-02 4.825345e-02
2.983084e-01 1.196111e-01 4.909598e-02 -7.817627e-04
2.975731e-01 1.219662e-01 5.721980e-02 6.175905e-02
2.979579e-01 1.125329e-01 4.738998e-02 3.807397e-02
2.946293e-01 1.152321e-01 4.565918e-02 1.612990e-02
2.973098e-01 1.092352e-01 4.831312e-02 1.911078e-02
2.958458e-01 1.142746e-01 5.993133e-02 1.419197e-02
2.969929e-01 1.176046e-01 4.423293e-02 2.821498e-02
2.963045e-01 1.144751e-01 6.560699e-02 1.652139e-02
2.959266e-01 1.155871e-01 4.995671e-02 -6.375755e-03
2.971369e-01 1.160684e-01 4.709704e-02 2.061278e-02
2.981525e-01 1.214670e-01 4.739886e-02 1.291982e-02
2.991944e-01 1.217135e-01 4.968424e-02 2.015352e-02
2.988702e-01 1.219604e-01 3.849854e-02 5.242467e-03
2.967543e-01 1.182121e-01 5.439491e-02 3.601115e-02
2.964088e-01 1.235919e-01 4.691146e-02 3.246577e-02
2.980103e-01 1.250443e-01 5.458913e-02 9.057754e-03
2.952866e-01 1.147397e-01 5.113390e-02 7.140636e-03
2.965075e-01 1.130502e-01 4.043025e-02 3.356394e-02
2.959602e-01 1.148666e-01 4.755131e-02 1.693087e-02
2.969243e-01 1.175417e-01 4.320248e-02 4.231806e-02
2.939709e-01 1.126010e-01 4.508568e-02 1.144608e-02
2.960389e-01 1.195147e-01 4.965637e-02 1.933337e-02
2.970791e-01 1.162640e-01 4.696267e-02 1.921952e-02
2.971396e-01 1.152328e-01 5.443353e-02 1.898725e-02
2.957493e-01 1.150234e-01 4.786731e-02 4.902814e-02
2.955864e-01 1.132872e-01 3.597510e-02 2.011109e-02
2.978430e-01 1.107115e-01 3.336575e-02 7.444164e-03
2.968035e-01 1.201768e-01 5.763860e-02 1.820715e-02
2.989546e-01 1.158886e-01 3.111195e-02 3.824741e-02
2.966451e-01 1.157425e-01 4.618234e-02 2.446592e-02
2.968792e-01 1.150435e-01 5.747014e-02 2.873642e-02
2.956240e-01 1.193516e-01 4.119913e-02 2.897344e-02
2.957756e-01 1.140463e-01 4.375338e-02 2.110439e-02
2.968924e-01 1.213152e-01 4.236443e-02 3.176234e-02
2.959499e-01 1.157211e-01 4.525078e-02 9.803226e-03
2.981522e-01 1.142147e-01 4.705282e-02 3.818652e-02
2.991150e-01 1.182023e-01 5.258064e-02 1.622447e-02
2.949855e-01 1.204070e-01 5.046303e-02 1.913072e-02
2.956848e-01 1.163693e-01 4.987826e-02 2.789004e-02
2.988411e-01 1.171587e-01 4.178685e-02 2.761630e-02
2.985202e-01 1.149948e-01 4.789954e-02 9.546720e-03
2.975572e-01 1.201532e-01 6.137777e-02 9.837784e-03
2.980874e-01 1.206817e-01 5.485967e-02 3.970920e-02
2.967313e-01 1.190970e-01 4.401988e-02 2.427933e-02
2.957233e-01 1.117759e-01 3.716891e-02 3.208432e-02
2.967443e-01 1.159033e-01 4.548932e-02 1.721404e-02
2.940789e-01 1.154384e-01 5.767192e-02 1.781645e-02
2.939448e-01 1.180973e-01 4.978474e-02 3.779809e-02
2.949279e-01 1.136782e-01 4.630281e-02 2.442569e-02
2.969951e-01 1.172255e-01 4.451899e-02 2.763058e-02
2.963704e-01 1.117290e-01 4.471456e-02 4.088864e-02
3.025519e-01 1.206453e-01 5.010798e-02 4.747179e-02
2.963887e-01 1.138854e-01 5.047516e-02 3.494885e-02
2.988151e-01 1.158615e-01 4.390165e-02 3.275481e-02
2.978097e-01 1.149135e-01 5.404915e-02 4.189283e-03
2.968073e-01 1.207310e-01 4.305736e-02 2.394890e-02
2.970182e-01 1.101423e-01 4.568274e-02 3.069927e-02
2.970158e-01 1.142476e-01 6.502851e-02 4.352393e-02
2.956863e-01 1.107772e-01 5.154747e-02 2.472714e-02
2.955723e-01 1.190689e-01 5.298048e-02 3.058640e-02
2.955521e-01 1.238013e-01 3.364639e-02 5.303407e-02
2.984107e-01 1.135872e-01 5.392989e-02 1.542242e-02
2.974133e-01 1.181042e-01 5.375063e-02 2.772980e-02
2.990346e-01 1.156142e-01 5.024380e-02 3.769686e-02
2.964656e-01 1.179991e-01 5.743324e-02 8.418941e-03
2.954811e-01 1.179793e-01 5.700631e-02 2.551938e-02
2.988043e-01 1.120386e-01 4.990067e-02 2.059041e-02
2.944670e-01 1.094191e-01 4.851556e-02 3.017298e-02
2.976104e-01 1.160280e-01 4.374246e-02 1.026568e-02
2.964254e-01 1.152080e-01 3.612766e-02 -4.551737e-03
2.971214e-01 1.154723e-01 5.675501e-02 3.775459e-02
2.972567e-01 1.164858e-01 5.004439e-02 4.328960e-02
2.969344e-01 1.120704e-01 5.435524e-02 1.292918e-03
2.983117e-01 1.169206e-01 5.155646e-02 -6.199676e-03
2.956381e-01 1.162698e-01 4.851065e-02 1.280013e-02
2.934842e-01 1.131371e-01 3.727327e-02 2.642606e-02
2.983196e-01 1.127116e-01 4.079412e-02 2.140623e-02
2.947851e-01 1.227282e-01 5.482704e-02 1.292673e-02
2.966143e-01 1.154896e-01 5.288338e-02 1.363794e-04
2.948913e-01 1.097878e-01 4.631129e-02 4.118087e-02
2.952829e-01 1.139382e-01 4.657421e-02 2.673250e-02
2.952060e-01 1.198622e-01 4.701306e-02 8.065469e-03
2.968511e-01 1.092831e-01 4.459818e-02 2.659040e-02
2.950924e-01 1.168380e-01 4.716714e-02 2.898219e-02
2.987615e-01 1.150355e-01 6.224789e-02 5.858673e-03
2.962529e-01 1.210546e-01 5.041659e-02 2.686084e-02
2.954161e-01 1.188049e-01 4.030396e-02 2.106693e-02
2.949896e-01 1.162728e-01 4.420723e-02 2.428034e-02
2.975408e-01 1.161592e-01 4.140564e-02 5.042319e-02
2.982575e-01 1.167997e-01 5.407310e-02 4.090593e-02
2.945298e-01 1.152443e-01 5.222301e-02 1.347139e-02
2.969754e-01 1.181359e-01 3.565253e-02 2.981853e-02
2.964743e-01 1.174549e-01 3.055571e-02 2.543339e-02
2.944080e-01 1.144984e-01 3.840635e-02 4.365453e-02
2.977417e-01 1.142690e-01 4.536563e-02 2.139131e-02
2.995831e-01 1.221277e-01 4.956392e-02 3.288478e-02
2.957848e-01 1.130433e-01 2.800624e-02 1.777120e-02
2.968272e-01 1.138165e-01 5.137088e-02 5.425938e-02
2.924581e-01 1.134051e-01 4.305142e-02 6.473881e-03
2.985026e-01 1.170423e-01 4.032911e-02 1.124873e-02
2.959640e-01 1.124309e-01 3.602682e-02 4.496758e-03
2.929870e-01 1.122393e-01 5.147903e-02 8.315944e-03
2.961541e-01 1.162968e-01 4.971938e-02 2.472263e-02
2.994376e-01 1.146924e-01 4.036572e-02 1.648108e-02
2.983211e-01 1.207311e-01 4.528075e-02 2.929682e-02
2.934846e-01 1.172025e-01 5.384187e-02 6.598639e-03
2.960245e-01 1.143349e-01 4.555897e-02 2.676462e-02
2.984256e-01 1.176888e-01 4.529650e-02 2.028841e-02
2.951251e-01 1.133221e-01 4.331265e-02 1.514216e-02
2.990499e-01 1.182448e-01 3.886191e-02 4.648530e-02
2.987619e-01 1.201226e-01 5.016792e-02 2.652536e-02
2.988810e-01 1.190927e-01 3.714050e-02 3.858848e-02
2.984662e-01 1.228804e-01 4.574228e-02 2.379772e-02
2.962901e-01 1.235100e-01 3.391762e-02 3.807084e-02
2.953895e-01 1.211737e-01 4.731770e-02 1.236037e-02
2.982052e-01 1.126412e-01 4.117748e-02 -1.379748e-02
2.956010e-01 1.124336e-01 4.121020e-02 1.779682e-02
2.979472e-01 1.199174e-01 4.158914e-02 2.468921e-03
2.944997e-01 1.191433e-01 5.535536e-02 3.434611e-02
2.973723e-01 1.174425e-01 4.924792e-02 3.150221e-02
2.960444e-01 1.160695e-01 3.948596e-02 8.562989e-03
2.959250e-01 1.074096e-01 4.567140e-02 1.639575e-02
2.990721e-01 1.162335e-01 4.666344e-02 2.321222e-02
2.974949e-01 1.179634e-01 5.230065e-02 1.386853e-02
2.947797e-01 1.177346e-01 4.918256e-02 -1.112361e-03
2.982477e-01 1.129576e-01 4.462409e-02 3.156302e-02
2.982508e-01 1.145073e-01 4.717162e-02 3.684347e-02
2.952861e-01 1.099849e-01 5.173092e-02 2.000739e-02
2.971038e-01 1.204144e-01 5.293509e-02 -7.205786e-03
2.971127e-01 1.200566e-01 5.074585e-02 1.664506e-02
2.975692e-01 1.180228e-01 5.249067e-02 9.255341e-03
2.952379e-01 1.159834e-01 4.952369e-02 4.404459e-02
2.962519e-01 1.129405e-01 4.543647e-02 2.725630e-02
2.984876e-01 1.166062e-01 4.642120e-02 2.567629e-02
2.985885e-01 1.207564e-01 5.125919e-02 2.843743e-02
2.983801e-01 1.153390e-01 5.336498e-02 -4.973534e-03
2.931546e-01 1.128261e-01 5.688172e-02 7.364047e-03
2.946542e-01 1.163127e-01 4.585424e-02 9.855555e-03
2.989992e-01 1.172261e-01 3.914219e-02 2.558612e-02
2.998026e-01 1.190087e-01 5.980504e-02 2.629255e-02
2.949599e-01 1.179664e-01 5.346126e-02 3.186347e-02
2.945288e-01 1.163644e-01 5.292790e-02 2.912728e-02
2.964125e-01 1.170354e-01 5.608477e-02 1.109335e-02
2.991651e-01 1.195163e-01 3.831898e-02 2.787231e-02
2.979967e-01 1.199995e-01 4.711147e-02 3.869349e-03
2.991327e-01 1.164086e-01 5.872236e-02 2.201270e-02
2.974844e-01 1.185005e-01 4.086712e-02 2.773450e-02
2.940455e-01 1.198015e-01 4.580697e-02 1.188753e-02
2.988162e-01 1.205407e-01 4.618555e-02 2.111628e-02
2.939368e-01 1.150119e-01 5.223032e-02 3.062185e-02
2.975782e-01 1.108700e-01 5.498454e-02 1.461661e-02
2.981144e-01 1.190093e-01 5.554022e-02 4.759108e-02
2.977449e-01 1.135888e-01 5.711571e-02 2.687835e-02
2.994746e-01 1.153696e-01 4.726311e-02 2.602923e-02
2.989573e-01 1.178203e-01 4.994076e-02 2.238016e-02
2.984341e-01 1.161159e-01 4.755451e-02 3.220948e-02
2.975058e-01 1.189945e-01 5.865345e-02 9.265499e-03
2.965170e-01 1.241325e-01 4.789713e-02 8.671005e-03
2.981247e-01 1.224117e-01 5.018203e-02 -4.539019e-04
2.954957e-01 1.115282e-01 4.472674e-02 2.106243e-02
2.950122e-01 1.153842e-01 4.619649e-02 5.808981e-03
2.989809e-01 1.196596e-01 5.614831e-02 4.948719e-02
2.989185e-01 1.189723e-01 5.390392e-02 1.673541e-03
2.962272e-01 1.168717e-01 4.691239e-02 2.178664e-02
3.006550e-01 1.193660e-01 3.997936e-02 2.880425e-02
2.992170e-01 1.201677e-01 5.165324e-02 3.748949e-02
2.944025e-01 1.191863e-01 5.154803e-02 1.450766e-02
2.961228e-01 1.133692e-01 5.094841e-02 1.050281e-02
2.958228e-01 1.200590e-01 5.139166e-02 9.645591e-03
2.946742e-01 1.171109e-01 4.792185e-02 2.711780e-02
2.944588e-01 1.161202e-01 4.986160e-02 2.594000e-02
3.008779e-01 1.213256e-01 4.704247e-02 2.488494e-02
2.945333e-01 1.135997e-01 4.961252e-02 2.374289e-02
2.958899e-01 1.177900e-01 5.118112e-02 2.721219e-02
2.978373e-01 1.202376e-01 4.995931e-02 1.224906e-02
2.943742e-01 1.148218e-01 4.430462e-02 2.277607e-02
2.962363e-01 1.150027e-01 4.018340e-02 2.028943e-02
2.951912e-01 1.191711e-01 4.792218e-02 3.367810e-02
2.997032e-01 1.159545e-01 5.378154e-02 1.588664e-02
2.987229e-01 1.213544e-01 5.405024e-02 4.028528e-02
2.949938e-01 1.124261e-01 4.919126e-02 4.308128e-02
2.977272e-01 1.142858e-01 4.020263e-02 2.545806e-02
2.970888e-01 1.089157e-01 4.918041e-02 1.558333e-02
2.970288e-01 1.153422e-01 4.575153e-02 1.115991e-02
2.945161e-01 1.138647e-01 3.668558e-02 1.929887e-02
2.996595e-01 1.186676e-01 4.143894e-02 -6.688630e-03
2.972391e-01 1.166340e-01 3.557524e-02 1.533816e-02
2.951365e-01 1.154990e-01 4.748243e-02 4.191864e-02
2.978495e-01 1.175104e-01 4.568131e-02 2.128298e-02
2.972309e-01 1.161020e-01 4.440604e-02 1.705922e-02
2.994703e-01 1.132511e-01 5.785753e-02 1.609037e-02
2.983943e-01 1.185528e-01 4.556440e-02 2.960196e-02
2.949475e-01 1.151383e-01 4.335568e-02 1.635745e-02
2.942282e-01 1.157538e-01 4.144201e-02 7.694091e-03
2.947596e-01 1.175646e-01 4.727886e-02 2.158932e-02
2.989476e-01 1.176856e-01 4.240652e-02 6.412735e-02
3.007008e-01 1.164854e-01 5.390521e-02 2.526199e-02
2.959850e-01 1.169838e-01 5.746295e-02 2.690649e-02
2.925041e-01 1.124273e-01 4.483231e-02 2.264070e-02
2.945880e-01 1.104267e-01 3.617767e-02 4.733929e-02
2.963631e-01 1.119678e-01 4.911733e-02 1.915549e-02
2.969350e-01 1.140839e-01 5.597576e-02 9.359306e-03
2.970017e-01 1.173573e-01 4.111420e-02 1.661533e-02
2.961075e-01 1.208921e-01 4.646891e-02 2.088211e-02
2.950822e-01 1.120532e-01 5.414818e-02 1.471532e-02
2.968032e-01 1.178297e-01 4.513384e-02 3.693656e-02
2.961721e-01 1.205574e-01 4.756500e-02 2.184989e-02
2.962205e-01 1.154837e-01 3.667350e-02 1.110177e-02
2.930468e-01 1.166690e-01 3.629689e-02 1.169631e-02
2.963559e-01 1.136114e-01 3.731244e-02 1.855697e-02
2.983816e-01 1.193331e-01 5.112948e-02 3.601262e-02
2.972443e-01 1.189932e-01 5.125122e-02 2.474502e-02
2.997070e-01 1.225095e-01 5.001571e-02 2.245584e-02
2.973466e-01 1.195845e-01 5.652150e-02 5.194457e-02
2.972092e-01 1.155652e-01 4.887421e-02 2.474589e-02
2.973264e-01 1.101349e-01 5.644914e-02 -2.544167e-03
2.949096e-01 1.172345e-01 5.379895e-02 2.506665e-02
2.964442e-01 1.243231e-01 5.029385e-02 1.257440e-02
2.968677e-01 1.174237e-01 5.756307e-02 4.260082e-02
2.968207e-01 1.157173e-01 4.589995e-02 2.877204e-02
2.964603e-01 1.166064e-01 4.054396e-02 -4.647790e-03
2.944493e-01 1.175557e-01 5.364882e-02 2.059371e-02
2.955781e-01 1.168962e-01 4.631177e-02 2.528324e-03
2.969407e-01 1.124490e-01 3.930760e-02 5.860326e-03
2.948481e-01 1.056349e-01 4.286144e-02 2.815471e-02
2.982500e-01 1.135578e-01 3.857522e-02 6.189797e-03
2.967918e-01 1.144771e-01 4.774005e-02 3.215238e-02
2.959825e-01 1.170719e-01 4.462794e-02 8.445783e-03
2.986324e-01 1.165903e-01 3.799122e-02 1.080325e-02
2.986557e-01 1.177354e-01 3.209588e-02 3.497129e-02
2.960558e-01 1.103475e-01 4.164491e-02 2.450489e-02
2.944796e-01 1.166226e-01 4.508302e-02 2.322911e-02
3.008602e-01 1.199458e-01 4.275768e-02 6.606008e-03
2.960295e-01 1.181542e-01 4.482877e-02 9.072132e-03
2.993048e-01 1.181205e-01 5.569771e-02 1.733453e-02
2.982106e-01 1.243010e-01 4.973414e-02 2.490509e-02
3.008107e-01 1.165234e-01 5.426580e-02 1.345375e-02
2.994171e-01 1.172791e-01 5.206515e-02 -7.671771e-03
2.959174e-01 1.198394e-01 5.617756e-02 1.395347e-02
2.972579e-01 1.117023e-01 4.615833e-02 8.363815e-04
2.994093e-01 1.134962e-01 3.974005e-02 1.396895e-02
2.969115e-01 1.168330e-01 5.729742e-02 -3.684721e-03
2.972299e-01 1.113309e-01 4.636928e-02 3.366071e-02
2.943047e-01 1.208636e-01 4.619488e-02 6.326137e-02
2.949132e-01 1.164113e-01 4.765515e-02 3.094091e-02
2.980752e-01 1.153529e-01 6.229659e-02 3.039649e-02
2.923995e-01 1.174531e-01 4.859106e-02 9.772314e-03
2.958633e-01 1.138369e-01 4.894114e-02 3.598994e-02
2.964174e-01 1.186694e-01 4.914262e-02 3.007181e-02
2.957997e-01 1.108807e-01 4.368504e-02 2.374943e-02
3.012097e-01 1.169375e-01 4.721533e-02 -1.334712e-02
2.980789e-01 1.169758e-01 4.250398e-02 1.986281e-02
2.980312e-01 1.157403e-01 5.854379e-02 2.740030e-02
2.982395e-01 1.129256e-01 5.053509e-02 1.186753e-02
2.945635e-01 1.162245e-01 4.921070e-02 3.196205e-04
2.931548e-01 1.142816e-01 4.801282e-02 4.322205e-03
2.969636e-01 1.164142e-01 5.451376e-02 1.704726e-02
2.968460e-01 1.123578e-01 4.652959e-02 3.497741e-02
2.974979e-01 1.197369e-01 5.098257e-02 2.058080e-02
2.942660e-01 1.111927e-01 4.665720e-02 2.416095e-02
2.999377e-01 1.216446e-01 5.974749e-02 4.044191e-02
2.951466e-01 1.149664e-01 5.402632e-02 2.208946e-02
2.972490e-01 1.164671e-01 5.681628e-02 5.794531e-02
2.987806e-01 1.177776e-01 4.565905e-02 3.457487e-02
2.977589e-01 1.159119e-01 4.032918e-02 1.899104e-02
2.990133e-01 1.219553e-01 5.228409e-02 2.853410e-02
2.956757e-01 1.134640e-01 4.444211e-02 6.115355e-03
2.969577e-01 1.162535e-01 3.868998e-02 1.487408e-02
2.979313e-01 1.148298e-01 5.648695e-02 1.804204e-02
2.963961e-01 1.147392e-01 5.998181e-02 1.741783e-02
2.952701e-01 1.178256e-01 3.497746e-02 2.082281e-02
2.986497e-01 1.151283e-01 3.692692e-02 3.348159e-02
2.966605e-01 1.195980e-01 5.266626e-02 3.974817e-02
2.989778e-01 1.178284e-01 5.640623e-02 1.111690e-02
2.962618e-01 1.174669e-01 5.241734e-02 7.405945e-03
3.006190e-01 1.210706e-01 5.391027e-02 1.371982e-02
2.992474e-01 1.254824e-01 5.078350e-02 2.859797e-02
2.932591e-01 1.159017e-01 4.103675e-02 6.876099e-02
3.008230e-01 1.213923e-01 4.549302e-02 4.252296e-02
2.940703e-01 1.152613e-01 4.219721e-02 1.451367e-02
2.960135e-01 1.153894e-01 5.096867e-02 2.975335e-02
2.979653e-01 1.211194e-01 4.234536e-02 2.988626e-02
2.953761e-01 1.139345e-01 4.058913e-02 6.271078e-03
2.956529e-01 1.166493e-01 4.703587e-02 1.683063e-02
2.970510e-01 1.216848e-01 5.867047e-02 2.161602e-02
2.971557e-01 1.174284e-01 4.788945e-02 8.290607e-05
2.974539e-01 1.130317e-01 4.318124e-02 3.360686e-02
2.962416e-01 1.154835e-01 4.791237e-02 6.063254e-03
2.956579e-01 1.175319e-01 4.983514e-02 1.793523e-02
3.017059e-01 1.198543e-01 4.711279e-02 2.537799e-02
2.963410e-01 1.181074e-01 4.256354e-02 4.630733e-02
2.951916e-01 1.165881e-01 5.191476e-02 2.381361e-02
2.980561e-01 1.178814e-01 6.339972e-02 1.941737e-02
2.962408e-01 1.185285e-01 3.179243e-02 6.350477e-03
2.970015e-01 1.215839e-01 4.434657e-02 -2.086574e-02
2.999116e-01 1.192866e-01 4.494576e-02 2.858259e-02
2.976342e-01 1.162051e-01 3.978348e-02 1.997687e-02
2.965132e-01 1.145986e-01 5.090443e-02 3.111557e-02
2.952456e-01 1.140221e-01 3.816577e-02 4.464106e-02
2.967874e-01 1.155242e-01 4.210308e-02 2.684590e-02
2.967221e-01 1.197270e-01 5.464368e-02 3.622676e-02
2.976227e-01 1.168684e-01 5.367353e-02 5.104319e-02
2.981650e-01 1.167129e-01 5.581352e-02 3.643159e-02
2.963656e-01 1.130934e-01 5.363075e-02 2.276658e-02
2.983746e-01 1.144746e-01 4.783955e-02 3.005760e-02
2.965009e-01 1.155088e-01 4.423463e-02 9.724751e-04
2.966595e-01 1.207572e-01 5.485514e-02 1.724140e-03
3.000922e-01 1.216111e-01 5.410365e-02 -4.960418e-03
3.002877e-01 1.179283e-01 4.651999e-02 -6.956049e-03
2.976661e-01 1.187758e-01 4.500256e-02 2.331971e-02
3.010956e-01 1.170929e-01 4.512991e-02 2.692972e-02
2.955934e-01 1.221157e-01 5.384142e-02 2.170746e-02
2.963227e-01 1.232212e-01 4.062314e-02 3.095239e-02
2.966888e-01 1.170206e-01 5.097239e-02 2.014689e-02
2.976470e-01 1.211411e-01 4.377760e-02 1.197200e-02
2.973602e-01 1.150122e-01 5.095138e-02 5.600019e-02
2.966429e-01 1.174419e-01 5.139555e-02 1.031730e-02
2.951389e-01 1.171452e-01 4.748758e-02 4.593333e-03
2.978407e-01 1.128875e-01 4.073029e-02 1.877915e-02
2.968036e-01 1.119329e-01 5.041664e-02 1.340311e-02
3.001642e-01 1.217802e-01 5.226480e-02 1.648281e-02
2.945803e-01 1.108042e-01 4.451599e-02 1.373173e-02
2.971528e-01 1.212813e-01 4.936432e-02 2.994239e-02
2.976502e-01 1.152170e-01 4.620251e-02 2.010959e-02
2.942166e-01 1.181054e-01 4.536795e-02 2.643387e-02
2.922461e-01 1.116514e-01 4.021650e-02 2.202599e-02
2.941967e-01 1.152338e-01 4.491123e-02 2.523251e-02
2.950911e-01 1.150416e-01 3.863053e-02 2.332419e-02
2.961695e-01 1.178923e-01 4.020845e-02 3.071532e-02
2.941715e-01 1.171207e-01 4.796810e-02 1.726058e-02
2.985863e-01 1.156738e-01 4.864191e-02 4.285313e-02
2.996454e-01 1.200215e-01 3.659510e-02 2.760278e-02
2.970119e-01 1.203511e-01 4.628094e-02 2.631171e-02
2.966077e-01 1.141208e-01 4.093257e-02 1.413924e-02
2.982207e-01 1.203445e-01 4.941744e-02 2.666093e-02
2.975887e-01 1.173311e-01 6.504578e-02 1.344684e-02
2.980036e-01 1.202975e-01 5.176295e-02 1.419458e-02
2.946405e-01 1.142703e-01 4.954855e-02 3.398231e-02
2.964703e-01 1.192683e-01 4.600804e-02 3.067369e-02
2.999321e-01 1.110618e-01 3.396944e-02 3.672499e-02
2.973847e-01 1.193806e-01 3.672595e-02 2.995323e-02
2.938015e-01 1.177452e-01 5.031254e-02 1.946280e-02
2.988436e-01 1.186848e-01 5.170289e-02 2.881662e-02
2.966733e-01 1.197735e-01 3.603048e-02 7.990657e-03
2.964614e-01 1.165891e-01 5.579091e-02 2.693880e-02
2.992806e-01 1.253978e-01 4.967251e-02 3.828876e-02
2.981910e-01 1.224099e-01 4.592574e-02 3.711745e-02
2.933260e-01 1.146497e-01 5.370012e-02 1.350642e-02
2.956482e-01 1.085681e-01 4.698245e-02 2.006681e-02
2.944110e-01 1.118669e-01 4.136106e-02 1.992342e-02
3.002962e-01 1.201278e-01 4.474351e-02 2.084562e-02
3.013743e-01 1.172460e-01 4.694638e-02 3.444594e-02
2.981223e-01 1.172468e-01 5.283593e-02 3.765219e-02
3.002761e-01 1.156018e-01 3.858965e-02 5.273935e-02
2.944879e-01 1.186480e-01 5.202864e-02 7.970155e-04
2.964758e-01 1.137773e-01 5.055567e-02 8.900383e-03
2.961492e-01 1.139033e-01 3.546280e-02 3.297991e-02
2.947022e-01 1.186688e-01 3.608018e-02 2.766439e-02
2.974861e-01 1.132529e-01 4.363510e-02 4.514631e-02
2.953279e-01 1.207500e-01 4.348652e-02 3.366303e-02
2.948177e-01 1.199415e-01 5.624469e-02 2.883937e-02
2.950005e-01 1.202209e-01 4.215214e-02 2.080682e-02
2.971141e-01 1.165706e-01 4.445619e-02 1.041015e-02
2.977541e-01 1.168035e-01 4.492352e-02 1.066636e-02
2.962838e-01 1.150379e-01 4.231377e-02 1.123409e-02
2.991460e-01 1.166192e-01 4.979898e-02 2.107424e-02
2.960167e-01 1.139874e-01 3.973190e-02 1.396839e-02
2.989722e-01 1.181162e-01 5.479381e-02 2.008238e-02
2.987631e-01 1.156730e-01 4.626175e-02 1.675051e-02
2.949859e-01 1.146353e-01 3.974585e-02 5.995036e-02
2.970961e-01 1.050178e-01 4.323255e-02 1.821697e-02
2.943834e-01 1.110057e-01 5.229241e-02 2.336653e-02
2.934454e-01 1.077236e-01 3.754579e-02 1.795478e-02
2.984089e-01 1.205727e-01 5.040245e-02 1.428765e-02
2.988354e-01 1.199267e-01 3.370898e-02 1.877061e-02
2.952176e-01 1.103708e-01 5.591488e-02 1.533981e-02
2.945945e-01 1.122165e-01 4.298856e-02 7.129571e-03
2.987434e-01 1.139243e-01 5.159982e-02 1.722879e-02
2.989320e-01 1.096699e-01 5.962169e-02 1.010416e-02
2.971599e-01 1.187297e-01 5.184370e-02 2.690887e-02
2.963516e-01 1.197178e-01 4.325753e-02 3.836374e-02
2.973037e-01 1.169163e-01 5.967539e-02 1.994475e-02
2.953681e-01 1.099981e-01 4.091828e-02 3.742457e-02
2.991881e-01 1.143816e-01 4.502742e-02 1.351038e-02
2.989967e-01 1.185364e-01 5.861519e-02 3.966474e-02
2.967894e-01 1.177410e-01 4.459656e-02 1.644693e-02
2.973060e-01 1.190437e-01 3.918280e-02 6.702252e-02
2.957612e-01 1.146170e-01 4.191029e-02 2.487070e-02
2.975317e-01 1.224236e-01 5.112677e-02 2.064479e-02
2.971540e-01 1.234440e-01 5.111308e-02 5.044535e-02
2.968046e-01 1.149686e-01 4.497411e-02 2.885744e-02
2.984473e-01 1.178659e-01 2.933790e-02 1.768542e-02
2.954252e-01 1.115613e-01 5.900313e-02 1.482919e-02
2.976010e-01 1.199823e-01 5.903665e-02 2.156389e-02
2.982047e-01 1.226247e-01 4.368428e-02 1.143149e-04
2.969411e-01 1.227481e-01 5.266307e-02 4.362895e-02
2.989974e-01 1.198725e-01 6.795200e-02 9.932549e-03
2.967782e-01 1.071301e-01 4.401105e-02 3.585871e-02
2.951607e-01 1.250565e-01 5.553053e-02 -5.070260e-03
2.966573e-01 1.083254e-01 5.735625e-02 2.818201e-02
2.977945e-01 1.232319e-01 5.775904e-02 1.606510e-02
2.970035e-01 1.112963e-01 5.053846e-02 1.574959e-02
2.969018e-01 1.210296e-01 3.987731e-02 4.021324e-02
2.973865e-01 1.206439e-01 4.403200e-02 2.376862e-02
2.956222e-01 1.098433e-01 4.453804e-02 1.395253e-02
2.977138e-01 1.161526e-01 4.272217e-02 3.981316e-02
2.993095e-01 1.231120e-01 5.527328e-02 1.831566e-02
2.975004e-01 1.177928e-01 4.280712e-02 2.635034e-02
2.987858e-01 1.221294e-01 5.336710e-02 2.137017e-02
2.962356e-01 1.141072e-01 4.710262e-02 2.625488e-02
2.949373e-01 1.195889e-01 4.667537e-02 2.487701e-02
2.974254e-01 1.205147e-01 6.534469e-02 2.825167e-02
2.955724e-01 1.130677e-01 4.734543e-02 5.870735e-02
2.974523e-01 1.162854e-01 4.698937e-02 2.700990e-02
2.916068e-01 1.110293e-01 3.045004e-02 3.045017e-02
2.951351e-01 1.159711e-01 4.734766e-02 1.895570e-02
2.957397e-01 1.187315e-01 5.307279e-02 3.913039e-02
2.970656e-01 1.184949e-01 4.139153e-02 3.738738e-03
2.995997e-01 1.168414e-01 5.380600e-02 8.880919e-03
2.947697e-01 1.184113e-01 4.843793e-02 7.865218e-03
2.968006e-01 1.215266e-01 4.349008e-02 3.330739e-02
2.981197e-01 1.099512e-01 3.907348e-02 1.895647e-02
2.992545e-01 1.212092e-01 5.174224e-02 3.984575e-02
2.999658e-01 1.158535e-01 4.522601e-02 4.336963e-02
2.964262e-01 1.154367e-01 6.050561e-02 1.132997e-02
2.962983e-01 1.153093e-01 4.242885e-02 2.472641e-02
2.961138e-01 1.107539e-01 4.448208e-02 8.942733e-03
3.022710e-01 1.188440e-01 5.279136e-02 9.858536e-03
2.963875e-01 1.178296e-01 5.624485e-02 -6.199120e-03
2.961104e-01 1.162673e-01 5.602718e-02 7.098679e-03
2.976681e-01 1.125177e-01 6.023022e-02 3.273036e-02
2.969733e-01 1.144223e-01 2.536827e-02 3.402205e-02
2.963511e-01 1.170372e-01 4.276660e-02 3.492335e-04
2.980928e-01 1.198797e-01 5.740756e-02 1.523848e-02
2.975465e-01 1.183879e-01 5.006005e-02 1.025223e-02
2.974341e-01 1.163250e-01 5.221637e-02 2.422626e-02
2.941867e-01 1.150432e-01 4.283180e-02 2.521657e-02
2.957287e-01 1.142450e-01 4.227347e-02 5.118860e-02
2.956940e-01 1.213890e-01 4.995268e-02 1.197914e-02
2.989676e-01 1.181638e-01 3.495023e-02 3.273173e-02
2.982461e-01 1.138176e-01 6.184514e-02 4.103511e-02
3.002437e-01 1.204828e-01 5.717704e-02 4.337034e-02
2.990889e-01 1.198242e-01 5.355065e-02 2.870927e-02
2.955817e-01 1.127786e-01 4.746260e-02 3.139780e-02
2.952622e-01 1.172518e-01 5.369947e-02 9.385318e-03
2.970742e-01 1.152738e-01 5.293487e-02 2.818271e-02
2.940935e-01 1.178861e-01 5.737675e-02 3.564066e-02
2.971765e-01 1.199684e-01 4.135398e-02 6.965939e-03
2.981479e-01 1.171448e-01 4.949103e-02 5.580061e-02
2.976675e-01 1.209494e-01 5.703648e-02 2.396519e-02
2.962280e-01 1.237892e-01 4.643592e-02 2.087484e-02
2.965819e-01 1.069363e-01 4.149565e-02 1.895654e-02
2.951164e-01 1.143414e-01 5.756803e-02 -6.905421e-03
2.989838e-01 1.153371e-01 4.470421e-02 1.869415e-02
2.962566e-01 1.229062e-01 5.395657e-02 1.751460e-02
2.960188e-01 1.162711e-01 3.934691e-02 4.484435e-02
2.938629e-01 1.129188e-01 4.162589e-02 9.269069e-03
2.975148e-01 1.227462e-01 6.065226e-02 2.004995e-02
2.973965e-01 1.148163e-01 5.090095e-02 6.404811e-03
2.978405e-01 1.150479e-01 5.767904e-02 2.187630e-02
2.955265e-01 1.158018e-01 5.127336e-02 5.172938e-03
2.961184e-01 1.122267e-01 4.368704e-02 6.663664e-04
2.993643e-01 1.206700e-01 5.787088e-02 1.869798e-02
2.959049e-01 1.117450e-01 4.472626e-02 2.410052e-02
2.975300e-01 1.208353e-01 5.783974e-02 3.548438e-02
3.004187e-01 1.164257e-01 4.473738e-02 2.497027e-02
2.997388e-01 1.298387e-01 5.064242e-02 2.418255e-02
2.973972e-01 1.148381e-01 5.275446e-02 1.593668e-02
2.969208e-01 1.123545e-01 5.337316e-02 2.364453e-02
2.953833e-01 1.160498e-01 3.920466e-02 2.542534e-02
2.979416e-01 1.184528e-01 5.359648e-02 5.034861e-02
2.965628e-01 1.164624e-01 3.950703e-02 1.946976e-02
2.970208e-01 1.108313e-01 6.047018e-02 2.855877e-02
2.962382e-01 1.128346e-01 4.718372e-02 2.641192e-02
2.960789e-01 1.190450e-01 5.030478e-02 3.211467e-02
2.989542e-01 1.232938e-01 4.150049e-02 -5.146628e-04
2.988574e-01 1.231441e-01 5.227273e-02 5.926695e-02
2.944485e-01 1.168479e-01 5.888714e-02 2.376513e-02
2.979473e-01 1.143525e-01 5.224088e-02 3.182531e-02
2.992170e-01 1.156369e-01 4.128256e-02 3.967105e-02
2.955519e-01 1.143177e-01 3.934615e-02 3.131802e-02
2.964364e-01 1.203948e-01 3.978739e-02 2.028131e-02
2.968093e-01 1.205167e-01 4.410811e-02 2.884080e-02
2.962572e-01 1.151232e-01 4.967543e-02 1.991613e-02
2.984980e-01 1.197011e-01 5.535987e-02 3.716977e-02
2.961115e-01 1.152756e-01 3.856058e-02 3.109522e-02
2.954641e-01 1.214834e-01 4.698163e-02 4.236067e-02
2.982625e-01 1.151701e-01 5.798092e-02 3.669411e-02
2.997718e-01 1.222329e-01 4.178546e-02 1.684326e-02
2.982482e-01 1.073091e-01 4.114815e-02 4.606108e-02
2.961479e-01 1.085449e-01 5.260107e-02 4.954003e-03
2.994921e-01 1.177687e-01 5.237455e-02 3.759490e-02
2.960885e-01 1.173708e-01 4.579605e-02 3.925969e-02
2.968661e-01 1.160613e-01 4.113034e-02 2.974295e-02
2.987722e-01 1.116077e-01 4.964051e-02 2.309394e-02
2.967808e-01 1.162313e-01 5.076673e-02 3.722080e-02
2.964437e-01 1.095491e-01 4.492203e-02 1.446740e-02
2.959438e-01 1.146328e-01 3.943875e-02 2.973346e-02
2.960297e-01 1.123468e-01 5.239726e-02 2.140323e-02
2.974902e-01 1.197244e-01 4.908248e-02 5.085387e-02
2.938150e-01 1.119664e-01 3.591566e-02 3.126691e-02
2.942689e-01 1.134187e-01 4.630855e-02 3.069935e-02
2.978567e-01 1.195959e-01 3.578608e-02 7.559613e-03
2.951973e-01 1.195638e-01 4.717454e-02 7.586214e-03
2.961815e-01 1.132851e-01 4.652224e-02 1.996637e-02
2.942629e-01 1.151670e-01 3.732097e-02 2.040733e-02
2.944860e-01 1.183603e-01 5.252358e-02 2.328132e-02
2.961046e-01 1.162102e-01 5.240510e-02 3.652908e-02
2.986806e-01 1.126111e-01 4.457164e-02 3.278697e-02
2.955494e-01 1.125692e-01 3.660788e-02 3.837737e-02
2.957845e-01 1.170336e-01 4.144532e-02 2.820056e-02
2.942247e-01 1.221731e-01 4.499478e-02 2.056562e-02
2.992308e-01 1.151233e-01 4.851378e-02 1.697844e-02
2.952627e-01 1.085882e-01 4.711562e-02 1.224077e-02
2.984623e-01 1.229513e-01 6.106859e-02 3.218856e-02
3.001794e-01 1.221643e-01 5.522462e-02 1.365373e-02
2.977885e-01 1.182629e-01 4.778418e-02 2.487751e-02
2.969544e-01 1.123940e-01 4.841953e-02 2.027001e-02
2.994277e-01 1.183211e-01 4.232111e-02 1.215438e-02
2.969542e-01 1.236831e-01 4.713350e-02 4.106619e-02
2.931210e-01 1.113698e-01 4.177402e-02 4.805817e-02
3.010207e-01 1.150585e-01 4.204586e-02 3.492848e-02
2.957001e-01 1.225739e-01 4.954510e-02 3.960852e-02
2.973698e-01 1.168260e-01 4.642347e-02 1.381191e-02
2.973973e-01 1.170171e-01 4.216209e-02 3.826993e-03
2.955106e-01 1.090155e-01 4.142154e-02 2.507850e-02
2.986427e-01 1.112908e-01 5.133840e-02 1.852176e-02
2.966280e-01 1.130882e-01 4.057126e-02 3.179982e-02
2.942278e-01 1.150209e-01 4.534975e-02 3.766166e-02
2.958963e-01 1.204321e-01 3.979313e-02 2.389187e-02
2.947187e-01 1.123441e-01 6.485218e-02 -2.225452e-03
2.949012e-01 1.127891e-01 5.175105e-02 2.854015e-03
2.996552e-01 1.163215e-01 5.360430e-02 1.468463e-02
2.963357e-01 1.186656e-01 5.890871e-02 1.979726e-02
2.960296e-01 1.121618e-01 4.560468e-02 6.369425e-03
2.936893e-01 1.106414e-01 5.110510e-02 -7.132559e-03
2.983865e-01 1.159682e-01 4.842199e-02 4.469136e-02
2.961217e-01 1.178071e-01 5.290573e-02 2.772744e-02
2.985709e-01 1.126522e-01 3.607402e-02 4.641225e-02
2.984973e-01 1.196788e-01 3.916683e-02 4.256847e-02
2.993100e-01 1.223556e-01 5.568289e-02 3.886804e-02
2.935317e-01 1.163699e-01 4.735992e-02 1.355172e-02
2.942762e-01 1.163647e-01 4.686181e-02 4.681743e-02
2.966970e-01 1.204195e-01 5.792082e-02 2.750426e-02
2.995146e-01 1.156567e-01 5.073512e-02 1.770315e-02
2.967858e-01 1.175040e-01 4.316305e-02 3.326252e-02
2.962332e-01 1.193935e-01 5.104823e-02 5.970232e-03
2.968011e-01 1.197038e-01 4.259749e-02 2.771740e-02
2.963918e-01 1.216096e-01 5.024329e-02 -5.293735e-03
3.000060e-01 1.216400e-01 4.076182e-02 3.320547e-02
2.973260e-01 1.130707e-01 5.140931e-02 5.619747e-03
2.951570e-01 1.171032e-01 3.435902e-02 2.867232e-02
2.982499e-01 1.189854e-01 4.192485e-02 3.099613e-02
2.959045e-01 1.148356e-01 4.994624e-02 1.827796e-02
2.946875e-01 1.194043e-01 4.936873e-02 1.419422e-02
2.972588e-01 1.170947e-01 5.028141e-02 2.065061e-02
2.965061e-01 1.164392e-01 3.484755e-02 2.242843e-02
2.963578e-01 1.209082e-01 4.801874e-02 3.808790e-02
2.954606e-01 1.111716e-01 4.382161e-02 3.672467e-02
2.967335e-01 1.096757e-01 6.128992e-02 4.181141e-02
2.940800e-01 1.160690e-01 4.921254e-02 9.723673e-03
2.960876e-01 1.189834e-01 4.176024e-02 7.820338e-03
2.979894e-01 1.212374e-01 5.025066e-02 5.553747e-02
2.993832e-01 1.120247e-01 5.259670e-02 1.630577e-02
2.966035e-01 1.158424e-01 4.862250e-02 3.533886e-02
2.970514e-01 1.079417e-01 5.470070e-02 3.548914e-02
2.967035e-01 1.176143e-01 4.693199e-02 4.967647e-02
2.937574e-01 1.141161e-01 5.321841e-02 1.810907e-02
2.959608e-01 1.151093e-01 5.824858e-02 3.302399e-02
2.968834e-01 1.178278e-01 5.466609e-02 2.425764e-02
2.955976e-01 1.134142e-01 4.850830e-02 2.463958e-02
2.971394e-01 1.186541e-01 3.562421e-02 3.266965e-02
2.967896e-01 1.163951e-01 5.389095e-02 2.797422e-02
2.962418e-01 1.222151e-01 5.701474e-02 1.323461e-02
2.952493e-01 1.165492e-01 4.540941e-02 3.112768e-02
2.949621e-01 1.163360e-01 5.428007e-02 3.258338e-02
2.965558e-01 1.172341e-01 5.295777e-02 -7.245396e-03
2.985010e-01 1.187339e-01 3.823119e-02 3.325603e-02
2.960283e-01 1.115226e-01 3.923154e-02 2.272184e-02
2.957817e-01 1.128467e-01 6.015522e-02 4.474626e-02
2.969156e-01 1.171825e-01 4.136299e-02 4.757371e-03
2.976842e-01 1.195972e-01 4.702212e-02 4.094606e-02
2.948034e-01 1.099674e-01 5.234844e-02 1.681786e-02
2.955099e-01 1.134344e-01 4.406762e-02 9.275655e-03
2.976805e-01 1.200957e-01 4.257596e-02 4.629526e-02
2.956981e-01 1.202166e-01 4.574580e-02 3.344988e-02
2.940613e-01 1.134607e-01 5.523424e-02 2.074886e-02
2.946877e-01 1.160205e-01 4.513755e-02 3.514629e-02
2.959776e-01 1.157604e-01 5.532050e-02 2.149890e-02
2.976987e-01 1.116572e-01 4.944362e-02 7.321167e-03
2.983595e-01 1.109080e-01 4.324008e-02 5.929432e-03
2.980313e-01 1.137248e-01 5.343563e-02 2.581985e-02
2.941849e-01 1.182120e-01 5.770094e-02 2.308259e-02
2.959602e-01 1.195770e-01 3.928989e-02 1.653385e-02
2.974825e-01 1.155951e-01 4.433919e-02 6.448360e-03
2.950993e-01 1.179906e-01 5.192848e-02 1.916438e-02
2.986586e-01 1.194294e-01 4.146341e-02 2.561141e-02
2.984081e-01 1.230488e-01 2.950732e-02 5.891469e-03
2.990973e-01 1.208320e-01 4.017902e-02 1.293083e-02
2.959027e-01 1.128067e-01 4.483004e-02 4.293729e-03
2.977279e-01 1.138211e-01 5.498825e-02 2.264991e-02
2.990374e-01 1.231863e-01 4.083307e-02 1.279712e-02
