PARAMETERS
L              10
DIM            4
beta           1.400000
ntherm         5000
nsweep         50000
naccu          50
END PARAMETERS
1.086609e+00
1.087134e+00
1.079597e+00
1.087660e+00
1.085437e+00
1.083964e+00
1.072399e+00
1.089598e+00
1.085522e+00
1.081340e+00
1.076157e+00
1.081029e+00
1.082367e+00
1.071951e+00
1.083442e+00
1.087410e+00
1.092894e+00
1.081412e+00
1.090552e+00
1.088537e+00
1.087146e+00
1.083541e+00
1.082199e+00
1.084153e+00
1.091386e+00
1.084277e+00
1.089058e+00
1.090385e+00
1.084296e+00
1.081091e+00
1.088028e+00
1.078659e+00
1.079074e+00
1.085785e+00
1.093686e+00
1.096589e+00
1.088229e+00
1.085591e+00
1.083627e+00
1.076534e+00
1.084614e+00
1.087450e+00
1.084196e+00
1.084861e+00
1.081466e+00
1.079940e+00
1.089020e+00
1.085921e+00
1.095584e+00
1.077820e+00
1.084493e+00
1.086637e+00
1.082997e+00
1.088997e+00
1.076229e+00
1.081343e+00
1.093348e+00
1.082970e+00
1.074770e+00
1.079057e+00
1.084121e+00
1.076329e+00
1.087658e+00
1.090942e+00
1.088762e+00
1.085805e+00
1.084911e+00
1.082519e+00
1.092108e+00
1.092133e+00
1.093433e+00
1.087527e+00
1.083677e+00
1.099610e+00
1.086930e+00
1.086193e+00
1.080484e+00
1.071339e+00
1.088605e+00
1.085520e+00
1.086067e+00
1.082316e+00
1.081076e+00
1.088978e+00
1.087386e+00
1.077095e+00
1.092804e+00
1.086451e+00
1.082027e+00
1.080751e+00
1.085563e+00
1.093487e+00
1.080746e+00
1.080356e+00
1.090430e+00
1.086845e+00
1.074744e+00
1.082892e+00
1.091763e+00
1.067351e+00
1.078030e+00
1.082246e+00
1.093562e+00
1.082880e+00
1.078611e+00
1.076861e+00
1.080326e+00
1.096398e+00
1.089064e+00
1.080672e+00
1.089263e+00
1.079483e+00
1.081769e+00
1.087523e+00
1.085964e+00
1.085973e+00
1.088243e+00
1.075871e+00
1.085892e+00
1.086012e+00
1.079387e+00
1.082130e+00
1.079484e+00
1.076994e+00
1.081166e+00
1.083219e+00
1.086001e+00
1.084850e+00
1.085436e+00
1.091290e+00
1.084074e+00
1.088978e+00
1.084111e+00
1.074104e+00
1.083562e+00
1.086144e+00
1.094640e+00
1.079390e+00
1.080502e+00
1.094853e+00
1.086722e+00
1.085112e+00
1.079755e+00
1.071547e+00
1.082214e+00
1.084112e+00
1.079549e+00
1.072771e+00
1.094621e+00
1.087962e+00
1.085393e+00
1.075768e+00
1.088459e+00
1.079624e+00
1.086233e+00
1.088688e+00
1.083026e+00
1.079477e+00
1.087691e+00
1.081058e+00
1.080481e+00
1.078012e+00
1.082389e+00
1.090223e+00
1.073948e+00
1.090380e+00
1.084521e+00
1.072862e+00
1.081262e+00
1.082464e+00
1.092646e+00
1.078320e+00
1.085091e+00
1.090421e+00
1.086647e+00
1.074842e+00
1.086957e+00
1.084628e+00
1.097137e+00
1.083794e+00
1.090702e+00
1.089469e+00
1.081116e+00
1.079974e+00
1.090477e+00
1.081465e+00
1.083882e+00
1.094808e+00
1.086716e+00
1.083202e+00
1.072388e+00
1.079428e+00
1.080195e+00
1.084296e+00
1.085104e+00
1.076193e+00
1.094375e+00
1.084871e+00
1.087175e+00
1.088423e+00
1.082504e+00
1.088110e+00
1.087727e+00
1.082013e+00
1.086765e+00
1.085816e+00
1.082526e+00
1.090121e+00
1.085493e+00
1.083585e+00
1.092683e+00
1.081298e+00
1.098613e+00
1.084058e+00
1.094634e+00
1.086828e+00
1.077611e+00
1.090684e+00
1.088744e+00
1.085756e+00
1.077149e+00
1.076958e+00
1.083674e+00
1.080187e+00
1.085811e+00
1.077711e+00
1.089309e+00
1.086565e+00
1.086975e+00
1.079663e+00
1.090512e+00
1.081397e+00
1.088100e+00
1.073772e+00
1.076334e+00
1.090321e+00
1.090359e+00
1.094841e+00
1.076950e+00
1.086716e+00
1.078552e+00
1.100412e+00
1.079756e+00
1.077736e+00
1.086753e+00
1.087879e+00
1.084012e+00
1.088824e+00
1.080261e+00
1.081691e+00
1.091086e+00
1.081894e+00
1.078716e+00
1.082675e+00
1.087092e+00
1.080837e+00
1.087754e+00
1.084285e+00
1.081760e+00
1.077231e+00
1.073968e+00
1.085834e+00
1.084346e+00
1.074829e+00
1.079987e+00
1.074441e+00
1.088908e+00
1.074596e+00
1.083514e+00
1.078674e+00
1.083809e+00
1.083393e+00
1.081856e+00
1.087030e+00
1.083488e+00
1.089580e+00
1.082731e+00
1.083024e+00
1.091508e+00
1.091505e+00
1.087095e+00
1.087589e+00
1.085020e+00
1.087566e+00
1.090679e+00
1.079487e+00
1.085484e+00
1.091841e+00
1.087566e+00
1.086604e+00
1.085823e+00
1.086488e+00
1.077899e+00
1.078884e+00
1.081425e+00
1.086594e+00
1.088318e+00
1.072419e+00
1.082888e+00
1.086463e+00
1.084080e+00
1.079494e+00
1.081475e+00
1.084160e+00
1.094034e+00
1.083347e+00
1.084952e+00
1.092826e+00
1.083541e+00
1.078295e+00
1.092599e+00
1.086030e+00
1.073382e+00
1.083671e+00
1.090369e+00
1.088004e+00
1.090898e+00
1.078340e+00
1.083389e+00
1.091166e+00
1.092783e+00
1.095185e+00
1.090607e+00
1.084334e+00
1.086499e+00
1.083534e+00
1.073340e+00
1.083505e+00
1.074822e+00
1.081226e+00
1.089068e+00
1.094386e+00
1.082531e+00
1.086191e+00
1.092952e+00
1.079295e+00
1.102546e+00
1.089827e+00
1.078310e+00
1.092392e+00
1.095450e+00
1.080135e+00
1.088867e+00
1.091229e+00
1.081199e+00
1.086933e+00
1.079106e+00
1.081096e+00
1.088969e+00
1.086703e+00
1.086400e+00
1.089877e+00
1.102079e+00
1.091367e+00
1.088341e+00
1.087333e+00
1.092405e+00
1.089815e+00
1.092397e+00
1.085317e+00
1.085244e+00
1.083645e+00
1.087141e+00
1.084530e+00
1.078861e+00
1.081863e+00
1.085758e+00
1.078100e+00
1.067792e+00
1.081564e+00
1.075337e+00
1.071624e+00
1.078722e+00
1.082384e+00
1.080397e+00
1.090175e+00
1.082101e+00
1.086396e+00
1.099178e+00
1.091639e+00
1.090374e+00
1.093604e+00
1.083157e+00
1.086940e+00
1.082637e+00
1.087539e+00
1.077364e+00
1.093131e+00
1.079367e+00
1.081231e+00
1.081289e+00
1.093406e+00
1.090036e+00
1.083212e+00
1.081674e+00
1.083502e+00
1.088498e+00
1.091630e+00
1.077537e+00
1.079415e+00
1.082812e+00
1.087815e+00
1.080330e+00
1.088107e+00
1.087178e+00
1.081860e+00
1.072404e+00
1.085981e+00
1.086622e+00
1.083416e+00
1.081710e+00
1.084466e+00
1.075523e+00
1.081046e+00
1.081233e+00
1.079630e+00
1.086253e+00
1.085791e+00
1.088208e+00
1.084765e+00
1.081409e+00
1.088335e+00
1.084687e+00
1.084423e+00
1.082626e+00
1.089716e+00
1.084643e+00
1.075260e+00
1.093580e+00
1.071331e+00
1.073022e+00
1.091319e+00
1.080676e+00
1.080779e+00
1.098894e+00
1.094266e+00
1.098692e+00
1.092354e+00
1.092995e+00
1.080394e+00
1.074231e+00
1.084222e+00
1.083865e+00
1.086056e+00
1.087203e+00
1.089348e+00
1.084325e+00
1.081419e+00
1.082508e+00
1.086781e+00
1.091329e+00
1.087227e+00
1.081686e+00
1.078410e+00
1.088788e+00
1.084720e+00
1.085880e+00
1.087551e+00
1.080790e+00
1.091308e+00
1.086621e+00
1.085558e+00
1.081730e+00
1.090548e+00
1.085052e+00
1.087296e+00
1.087054e+00
1.080705e+00
1.089432e+00
1.086279e+00
1.095938e+00
1.079148e+00
1.085251e+00
1.077804e+00
1.082502e+00
1.079388e+00
1.079391e+00
1.084878e+00
1.089271e+00
1.088751e+00
1.086031e+00
1.087475e+00
1.087278e+00
1.067419e+00
1.096272e+00
1.087582e+00
1.080753e+00
1.087069e+00
1.095612e+00
1.083874e+00
1.075993e+00
1.089458e+00
1.084828e+00
1.087416e+00
1.076824e+00
1.088307e+00
1.084918e+00
1.084070e+00
1.079517e+00
1.093140e+00
1.085281e+00
1.080034e+00
1.088898e+00
1.086168e+00
1.082968e+00
1.082896e+00
1.075195e+00
1.082029e+00
1.085220e+00
1.094424e+00
1.091272e+00
1.086369e+00
1.086146e+00
1.083028e+00
1.075920e+00
1.084474e+00
1.085993e+00
1.084896e+00
1.080996e+00
1.080423e+00
1.082743e+00
1.077705e+00
1.089287e+00
1.100776e+00
1.081099e+00
1.087397e+00
1.088628e+00
1.088515e+00
1.087048e+00
1.088239e+00
1.083255e+00
1.078413e+00
1.094589e+00
1.083137e+00
1.086049e+00
1.081170e+00
1.081487e+00
1.080378e+00
1.087662e+00
1.085041e+00
1.082102e+00
1.093802e+00
1.079381e+00
1.087826e+00
1.077008e+00
1.086542e+00
1.088117e+00
1.088718e+00
1.068202e+00
1.087413e+00
1.087339e+00
1.081067e+00
1.076127e+00
1.074755e+00
1.092077e+00
1.084169e+00
1.084027e+00
1.089449e+00
1.078671e+00
1.087265e+00
1.075667e+00
1.083628e+00
1.090622e+00
1.079969e+00
1.075276e+00
1.086322e+00
1.075829e+00
1.104312e+00
1.092852e+00
1.095462e+00
1.082750e+00
1.093335e+00
1.092066e+00
1.078608e+00
1.078405e+00
1.084664e+00
1.088338e+00
1.088999e+00
1.084779e+00
1.084540e+00
1.076341e+00
1.094400e+00
1.082836e+00
1.075811e+00
1.088594e+00
1.079418e+00
1.080470e+00
1.088913e+00
1.075826e+00
1.097473e+00
1.090655e+00
1.084484e+00
1.093877e+00
1.086547e+00
1.083484e+00
1.089466e+00
1.075938e+00
1.078641e+00
1.088495e+00
1.087730e+00
1.086362e+00
1.072526e+00
1.091898e+00
1.086335e+00
1.080546e+00
1.080200e+00
1.081194e+00
1.093593e+00
1.079363e+00
1.084176e+00
1.081290e+00
1.086469e+00
1.088921e+00
1.092890e+00
1.088796e+00
1.076793e+00
1.086961e+00
1.086947e+00
1.082620e+00
1.090591e+00
1.082981e+00
1.086445e+00
1.082597e+00
1.076698e+00
1.082612e+00
1.087776e+00
1.085573e+00
1.084955e+00
1.091776e+00
1.090431e+00
1.085825e+00
1.080548e+00
1.085603e+00
1.093650e+00
1.076926e+00
1.090614e+00
1.074202e+00
1.075072e+00
1.091545e+00
1.089686e+00
1.093498e+00
1.091801e+00
1.087216e+00
1.085135e+00
1.083113e+00
1.086580e+00
1.086181e+00
1.075331e+00
1.082386e+00
1.080144e+00
1.085039e+00
1.087619e+00
1.082101e+00
1.084126e+00
1.093701e+00
1.085289e+00
1.084496e+00
1.095211e+00
1.088482e+00
1.090486e+00
1.085445e+00
1.077314e+00
1.089272e+00
1.079954e+00
1.074471e+00
1.087110e+00
1.094449e+00
1.090110e+00
1.093572e+00
1.083539e+00
1.080514e+00
1.079365e+00
1.090470e+00
1.081747e+00
1.087107e+00
1.093816e+00
1.085409e+00
1.083184e+00
1.075876e+00
1.083173e+00
1.098268e+00
1.084871e+00
1.087667e+00
1.077044e+00
1.080721e+00
1.081169e+00
1.087292e+00
1.081978e+00
1.087868e+00
1.090853e+00
1.088839e+00
1.075558e+00
1.074467e+00
1.086405e+00
1.091218e+00
1.092963e+00
1.081315e+00
1.094866e+00
1.081647e+00
1.092233e+00
1.073156e+00
1.079183e+00
1.085688e+00
1.085446e+00
1.079483e+00
1.087607e+00
1.087849e+00
1.079230e+00
1.083030e+00
1.079444e+00
1.082358e+00
1.085814e+00
1.083964e+00
1.082362e+00
1.085403e+00
1.088495e+00
1.081297e+00
1.080669e+00
1.086737e+00
1.085682e+00
1.068648e+00
1.083837e+00
1.078357e+00
1.086288e+00
1.086485e+00
1.081831e+00
1.096016e+00
1.086135e+00
1.085532e+00
1.084130e+00
1.091767e+00
1.080499e+00
1.090384e+00
1.079079e+00
1.081137e+00
1.095561e+00
1.095770e+00
1.082174e+00
1.086763e+00
1.081125e+00
1.078406e+00
1.087455e+00
1.091507e+00
1.090905e+00
1.098827e+00
1.092741e+00
1.085764e+00
1.079627e+00
1.091649e+00
1.080764e+00
1.079049e+00
1.086990e+00
1.085145e+00
1.086639e+00
1.080980e+00
1.078850e+00
1.084219e+00
1.096692e+00
1.083861e+00
1.096067e+00
1.075459e+00
1.081884e+00
1.084989e+00
1.083437e+00
1.080159e+00
1.091807e+00
1.081679e+00
1.078184e+00
1.081351e+00
1.076342e+00
1.075660e+00
1.088498e+00
1.086574e+00
1.089836e+00
1.088772e+00
1.078431e+00
1.081094e+00
1.078980e+00
1.082453e+00
1.093711e+00
1.086249e+00
1.077296e+00
1.085934e+00
1.077417e+00
1.077960e+00
1.089286e+00
1.078838e+00
1.084960e+00
1.080663e+00
1.080250e+00
1.084203e+00
1.087838e+00
1.077350e+00
1.086096e+00
1.098355e+00
1.076707e+00
1.076595e+00
1.078987e+00
1.087007e+00
1.091361e+00
1.076223e+00
1.087230e+00
1.085732e+00
1.085333e+00
1.079394e+00
1.092166e+00
1.088940e+00
1.094852e+00
1.089571e+00
1.092861e+00
1.086209e+00
1.088259e+00
1.082792e+00
1.082989e+00
1.087187e+00
1.093289e+00
1.084254e+00
1.084532e+00
1.096226e+00
1.092488e+00
1.087997e+00
1.091948e+00
1.079701e+00
1.077037e+00
1.087007e+00
1.080799e+00
1.096641e+00
1.097774e+00
1.084326e+00
1.089703e+00
1.082714e+00
1.079851e+00
1.073533e+00
1.085815e+00
1.091859e+00
1.091821e+00
1.094187e+00
1.091107e+00
1.083975e+00
1.097546e+00
1.081821e+00
1.087347e+00
1.094368e+00
1.082080e+00
1.078465e+00
1.095408e+00
1.090116e+00
1.085345e+00
1.084371e+00
1.089136e+00
1.083162e+00
1.076844e+00
1.081327e+00
1.071434e+00
1.087364e+00
1.089150e+00
1.081124e+00
1.089514e+00
1.084567e+00
1.088436e+00
1.089540e+00
1.087405e+00
1.083139e+00
1.073938e+00
1.077116e+00
1.085015e+00
1.078120e+00
1.084824e+00
1.087941e+00
1.087340e+00
1.093067e+00
1.083188e+00
1.092294e+00
1.076431e+00
1.086535e+00
1.089866e+00
1.094214e+00
1.085776e+00
1.083581e+00
1.082630e+00
1.093145e+00
1.095796e+00
1.086450e+00
1.086451e+00
1.101491e+00
1.086363e+00
1.086967e+00
1.093848e+00
1.075358e+00
1.093343e+00
1.082062e+00
1.098282e+00
1.092002e+00
1.082326e+00
1.096641e+00
1.082174e+00
1.088051e+00
1.088674e+00
1.080729e+00
1.084814e+00
1.084875e+00
1.087855e+00
1.082685e+00
1.087203e+00
1.098439e+00
1.081789e+00
1.093035e+00
1.094778e+00
1.089713e+00
1.089086e+00
1.089478e+00
1.094353e+00
1.084943e+00
1.086912e+00
1.078851e+00
1.085704e+00
1.088666e+00
1.086813e+00
1.079979e+00
1.089126e+00
1.084192e+00
1.087884e+00
1.089041e+00
1.089836e+00
1.080746e+00
1.067464e+00
1.090123e+00
1.084749e+00
1.085482e+00
1.085473e+00
1.084407e+00
1.084051e+00
1.091321e+00
1.082345e+00
1.081233e+00
1.089217e+00
1.086087e+00
1.091149e+00
1.085444e+00
1.089990e+00
1.088831e+00
1.096737e+00
1.097887e+00
1.089963e+00
1.071795e+00
1.094499e+00
1.080760e+00
1.087546e+00
1.094791e+00
1.095763e+00
1.088695e+00
1.081839e+00
1.067600e+00
1.075826e+00
1.080655e+00
1.085518e+00
1.088705e+00
1.086122e+00
1.089537e+00
1.094225e+00
1.074875e+00
1.079868e+00
1.078032e+00
1.089473e+00
1.084196e+00
1.083547e+00
1.082343e+00
1.084623e+00
1.093509e+00
1.083432e+00
1.081045e+00
1.082344e+00
1.082043e+00
1.082026e+00
1.086505e+00
1.076450e+00
1.072759e+00
1.082501e+00
1.086782e+00
1.088421e+00
1.090037e+00
1.078411e+00
1.087104e+00
1.094374e+00
1.086005e+00
1.084867e+00
1.075613e+00
1.083938e+00
1.088001e+00
1.078544e+00
1.076562e+00
1.083616e+00
1.079855e+00
1.088329e+00
1.090952e+00
1.087397e+00
1.077415e+00
1.096107e+00
1.092544e+00
1.083251e+00
