PARAMETERS
L              10
DIM            4
beta           2.300000
ntherm         5000
nsweep         50000
naccu          50
END PARAMETERS
5.066118e-01 3.328321e-01 2.787311e-01 2.785906e+00
5.100081e-01 3.187205e-01 2.959204e-01 2.457710e-01
5.081506e-01 3.165103e-01 1.659603e-01 5.818038e-01
5.040467e-01 3.057790e-01 1.662939e-01 1.447737e+00
5.032462e-01 3.147153e-01 1.439607e-01 2.673633e-01
5.013704e-01 3.093039e-01 1.635215e-01 3.028378e-01
5.054804e-01 3.288505e-01 2.381752e-01 3.413390e-01
4.989264e-01 2.947589e-01 1.931342e-01 -1.431202e-01
5.047634e-01 3.196320e-01 1.694182e-01 1.877523e-01
5.059504e-01 3.227245e-01 1.826857e-01 1.395093e-01
5.090083e-01 3.040396e-01 2.039105e-01 1.789785e-01
5.020462e-01 2.960755e-01 1.509485e-01 1.857352e-01
5.099988e-01 3.030105e-01 1.866773e-01 4.132736e-01
5.118466e-01 3.324262e-01 2.548563e-01 1.593876e-01
5.080337e-01 3.134163e-01 2.838163e-01 -1.414037e-01
5.015579e-01 3.064344e-01 2.775870e-01 9.767767e-01
5.003702e-01 2.870711e-01 1.570645e-01 8.175826e-01
5.131695e-01 3.273636e-01 1.698280e-01 -4.816001e-01
5.071915e-01 3.067030e-01 2.826270e-01 -3.950581e-01
4.982442e-01 3.185242e-01 2.711235e-01 -1.126923e-01
5.078635e-01 3.112754e-01 2.016535e-01 4.379413e-01
5.019564e-01 3.089343e-01 1.406262e-01 1.123733e-01
5.130046e-01 3.052775e-01 2.471225e-01 4.937124e-01
5.037368e-01 3.094850e-01 2.177121e-01 1.212477e-01
5.081795e-01 3.207380e-01 2.850371e-01 -7.042228e-02
5.091578e-01 3.189927e-01 2.814933e-01 2.712591e+00
5.085700e-01 3.241639e-01 3.561338e-01 -nan
5.021586e-01 3.059088e-01 1.737467e-01 -1.413413e-02
5.062727e-01 3.141079e-01 9.976060e-02 3.402701e-02
5.038521e-01 3.104237e-01 1.720892e-01 6.490634e-01
5.057689e-01 3.155737e-01 1.654756e-01 6.584787e-01
5.129085e-01 3.304978e-01 1.505031e-01 4.415753e-02
5.051653e-01 3.115031e-01 2.526552e-01 1.152618e+00
5.107781e-01 3.248586e-01 2.757369e-01 -4.519803e-04
5.077684e-01 3.037853e-01 1.521343e-01 -2.232890e-01
4.982675e-01 3.048492e-01 2.148050e-01 5.046715e-01
5.102529e-01 3.372466e-01 3.416437e-01 -7.599699e-02
5.129403e-01 3.290124e-01 3.425665e-01 -6.713761e-01
5.095085e-01 3.209932e-01 4.013754e-01 1.024897e+00
5.080058e-01 3.187826e-01 1.944940e-01 -3.509317e-03
5.042152e-01 3.201453e-01 2.439532e-01 1.669415e-01
5.097821e-01 3.162994e-01 1.615408e-01 3.791291e-01
5.119057e-01 3.262843e-01 2.486802e-01 4.983601e-03
5.055275e-01 3.182738e-01 2.274866e-01 -2.390263e-01
5.095637e-01 3.282972e-01 1.902166e-01 1.803775e-01
5.068365e-01 3.194371e-01 1.587403e-01 6.161579e-01
5.083178e-01 3.318342e-01 2.125002e-01 -2.497010e-01
5.021112e-01 3.183973e-01 2.591880e-01 4.227913e-01
5.022212e-01 3.332708e-01 2.078824e-01 4.055384e-01
5.064189e-01 3.131644e-01 2.024920e-01 1.661126e-01
5.075746e-01 3.195502e-01 2.259448e-01 2.135831e+00
5.028707e-01 3.154235e-01 1.724675e-01 1.196905e-01
5.042795e-01 3.060987e-01 2.997153e-01 1.040828e+00
5.071312e-01 3.197911e-01 1.773346e-01 2.589783e-01
5.085096e-01 3.330548e-01 2.015212e-01 8.026768e-01
5.045550e-01 3.157892e-01 2.150914e-01 -1.883488e-01
5.040660e-01 3.014300e-01 1.807296e-01 4.723708e-01
5.017803e-01 3.025048e-01 8.884972e-02 4.460098e-01
5.082040e-01 3.362490e-01 1.792075e-01 -1.663014e-01
5.176743e-01 3.237764e-01 3.166376e-01 5.064187e-01
5.051732e-01 3.044097e-01 1.969784e-01 4.005055e-01
5.097082e-01 3.160119e-01 2.302778e-01 1.197811e+00
5.094293e-01 3.233466e-01 2.148629e-01 -2.486145e-01
5.032671e-01 3.010115e-01 2.135361e-01 -1.467370e-01
5.080504e-01 3.209993e-01 1.521395e-01 -6.002108e-02
5.021360e-01 2.995510e-01 1.885425e-01 -2.731523e-01
5.114143e-01 3.297666e-01 1.516900e-01 1.958028e-01
5.006540e-01 3.109775e-01 1.419957e-01 7.306670e-01
5.055804e-01 3.229707e-01 1.966574e-01 9.046530e-01
5.048116e-01 3.322243e-01 2.888198e-01 -1.018697e-01
5.102780e-01 3.200226e-01 2.262519e-01 3.723362e-02
5.096957e-01 3.104070e-01 2.035621e-01 -1.875816e-01
5.068494e-01 3.314813e-01 2.378753e-01 -6.902318e-02
5.127388e-01 3.291043e-01 1.292584e-01 5.229719e-01
5.093294e-01 3.163252e-01 1.818419e-01 1.367434e-01
5.023340e-01 3.039580e-01 1.541613e-01 6.900981e-01
5.058809e-01 3.410758e-01 2.258990e-01 2.021439e-01
5.060651e-01 3.191822e-01 1.858650e-01 2.587886e-01
5.091135e-01 3.099809e-01 1.852164e-01 1.493234e-01
5.106101e-01 3.304455e-01 2.205968e-01 -2.931037e-02
5.054924e-01 3.081165e-01 2.574096e-01 6.499786e-02
5.115417e-01 3.073370e-01 1.655067e-01 4.360626e-01
5.112003e-01 3.100529e-01 1.448042e-01 2.774804e-01
5.013594e-01 2.970142e-01 3.126126e-01 -2.668850e-01
5.092825e-01 3.203403e-01 2.308891e-01 -6.627166e-02
5.030474e-01 2.881734e-01 2.502513e-01 1.356062e-01
5.111955e-01 3.160380e-01 1.712221e-01 -nan
5.050963e-01 3.112277e-01 2.209054e-01 2.955540e-01
5.059034e-01 3.143227e-01 2.721667e-01 -1.548905e-01
5.015331e-01 3.091731e-01 2.483088e-01 -2.157651e-01
5.096538e-01 3.153879e-01 2.008398e-01 -2.168852e-01
5.035214e-01 3.072461e-01 1.678542e-01 2.388481e-02
5.006748e-01 2.982891e-01 2.460428e-01 1.016433e-01
5.091275e-01 3.189220e-01 3.244046e-01 -5.201718e-01
5.044182e-01 3.039736e-01 1.438446e-01 6.319258e-01
5.033830e-01 3.213332e-01 2.029254e-01 2.465462e-01
5.015524e-01 2.997470e-01 1.838039e-01 2.659678e-01
5.042783e-01 2.934885e-01 2.446067e-01 -1.677507e-01
5.059761e-01 3.181411e-01 1.959696e-01 -9.988274e-02
5.030796e-01 3.048768e-01 2.218068e-01 -4.593167e-01
4.996936e-01 3.019422e-01 2.619081e-01 5.300205e-02
5.082461e-01 3.253616e-01 2.283708e-01 -8.584018e-03
5.051224e-01 3.025370e-01 1.906457e-01 4.790353e-01
5.019666e-01 3.333876e-01 3.028843e-01 4.344246e-02
5.065373e-01 3.066306e-01 2.744844e-01 5.355748e-02
5.109502e-01 3.308543e-01 1.648455e-01 1.270543e+00
5.024553e-01 3.248326e-01 1.704384e-01 4.399396e-01
5.086906e-01 3.195087e-01 2.329600e-01 6.369160e-01
5.132710e-01 3.405669e-01 3.837382e-01 -1.840299e-01
5.041927e-01 3.277867e-01 2.674768e-01 1.377186e+00
5.017647e-01 2.980285e-01 2.284657e-01 1.309482e-02
5.152703e-01 3.422116e-01 2.668653e-01 7.833712e-01
5.059715e-01 3.155825e-01 2.419459e-01 -2.479056e-02
5.073834e-01 3.171066e-01 1.944400e-01 -2.865734e-01
5.079755e-01 3.175564e-01 2.721097e-01 -4.470746e-01
5.088946e-01 3.303765e-01 2.476629e-01 7.153151e-01
5.051817e-01 3.059063e-01 3.120946e-01 -2.430139e-01
5.029114e-01 3.001010e-01 1.747063e-01 1.955306e-01
5.138735e-01 3.290500e-01 3.436684e-01 -1.567515e-01
5.137246e-01 3.303763e-01 2.426341e-01 4.845000e-02
5.048541e-01 3.274107e-01 2.124521e-01 1.464532e-02
5.027105e-01 3.235032e-01 2.154370e-01 3.865996e-01
5.026826e-01 3.163441e-01 2.336574e-01 4.140454e-01
5.128788e-01 3.347445e-01 2.335301e-01 -1.562709e-02
5.116807e-01 3.322468e-01 2.951970e-01 1.179054e-01
4.985474e-01 3.219140e-01 2.122462e-01 -3.545531e-01
5.050500e-01 3.238896e-01 2.214304e-01 -2.338764e-02
5.094680e-01 3.002824e-01 2.384780e-01 2.440493e-01
5.061097e-01 3.071865e-01 2.527437e-01 6.181104e-01
5.038871e-01 3.335851e-01 1.569701e-01 -1.176205e-01
5.059352e-01 3.132585e-01 1.847713e-01 7.164537e-01
5.112042e-01 3.293475e-01 2.659952e-01 1.303655e+00
5.075012e-01 3.114180e-01 2.820759e-01 2.619617e+00
5.095263e-01 3.285851e-01 2.641132e-01 -2.974704e-01
5.024370e-01 3.094290e-01 1.725449e-01 4.674543e-01
5.114989e-01 3.274310e-01 2.094446e-01 3.541862e+00
5.123272e-01 3.306674e-01 2.821739e-01 4.954860e-01
5.053357e-01 3.198798e-01 2.899823e-01 5.422525e-01
5.036368e-01 3.173658e-01 2.727640e-01 -1.693352e-01
5.071424e-01 3.201329e-01 1.741219e-01 6.156984e-01
5.076301e-01 3.054614e-01 1.994719e-01 -2.949235e-01
5.160602e-01 3.463606e-01 2.147768e-01 3.031083e-01
5.017372e-01 3.205840e-01 1.756972e-01 -1.525572e-01
5.035733e-01 3.079487e-01 2.591957e-01 3.671549e-01
5.041049e-01 3.233970e-01 2.596375e-01 -7.831791e-02
5.092090e-01 3.374685e-01 3.007575e-01 -1.777841e-01
5.025696e-01 2.898648e-01 2.623388e-01 -8.543163e-02
5.066785e-01 3.333077e-01 2.474014e-01 -4.719783e-01
5.067420e-01 3.189901e-01 1.551679e-01 2.173902e-01
5.097649e-01 3.163451e-01 1.202089e-01 8.845055e-01
5.002185e-01 3.117452e-01 1.780629e-01 1.440871e-01
5.021552e-01 3.021637e-01 2.238124e-01 1.382062e-01
5.120150e-01 3.252570e-01 1.883583e-01 -3.168716e-01
5.019841e-01 3.202705e-01 2.498780e-01 5.132175e-01
5.084706e-01 3.121715e-01 1.818971e-01 -4.627448e-01
5.023326e-01 3.185836e-01 2.433012e-01 4.739824e-01
5.043498e-01 3.258149e-01 2.755969e-01 3.744034e+00
5.056132e-01 3.150728e-01 2.277600e-01 1.165105e-01
4.995956e-01 3.207094e-01 2.079372e-01 -3.685580e-02
5.079736e-01 3.111180e-01 1.092584e-01 4.126011e-01
5.159660e-01 3.257892e-01 3.363512e-01 -2.290024e-02
5.022533e-01 3.029757e-01 2.157239e-01 1.136150e-01
5.076873e-01 3.442764e-01 2.531951e-01 3.676474e-01
5.051016e-01 3.085998e-01 2.044640e-01 9.571079e-02
5.115767e-01 3.065241e-01 2.072738e-01 -3.667287e-01
5.102849e-01 3.437651e-01 3.439495e-01 -7.237927e-01
5.104010e-01 3.240638e-01 1.076931e-01 8.301623e-01
5.036801e-01 3.273735e-01 2.576601e-01 4.318473e-01
5.031403e-01 3.218508e-01 1.943063e-01 -1.575753e-01
5.034665e-01 2.973873e-01 2.064103e-01 7.985224e-01
5.043952e-01 3.108732e-01 1.452836e-01 8.007774e-01
5.053187e-01 3.076585e-01 9.372861e-02 -3.055919e-01
5.020187e-01 2.964070e-01 2.090947e-01 2.149773e-01
5.103026e-01 3.228726e-01 2.106813e-01 -4.855331e-04
5.073755e-01 3.273009e-01 1.490942e-01 6.474766e-01
5.042760e-01 3.236970e-01 2.767045e-01 3.637518e-02
5.171451e-01 3.313215e-01 2.611259e-01 1.328374e+00
5.087711e-01 3.202398e-01 1.896116e-01 -5.196561e-02
5.068221e-01 3.135207e-01 2.905179e-01 1.748735e+00
5.106217e-01 3.230287e-01 1.905940e-01 -8.894739e-02
5.128003e-01 3.215003e-01 2.028168e-01 6.349039e-01
5.047450e-01 2.973305e-01 2.418873e-01 1.026521e+00
5.015543e-01 3.077296e-01 2.092391e-01 -1.164058e-02
5.099347e-01 3.263136e-01 2.173560e-01 -1.410245e-02
5.074505e-01 3.047717e-01 1.698617e-01 -5.629071e-01
5.064025e-01 3.015670e-01 2.121786e-01 -2.174381e-01
5.034685e-01 2.923837e-01 1.694310e-01 1.329017e-01
5.128675e-01 3.199779e-01 1.013600e-01 3.582713e-02
5.096879e-01 3.164592e-01 2.692333e-01 8.304955e-01
5.039622e-01 3.204538e-01 2.674910e-01 -3.488786e-01
5.028183e-01 2.900967e-01 1.928866e-01 3.832165e-01
5.075526e-01 3.160322e-01 3.321208e-01 6.353731e-01
5.084677e-01 3.226661e-01 2.072335e-01 -1.361352e-01
5.098958e-01 3.227904e-01 1.970144e-01 1.269743e+00
5.080117e-01 3.280418e-01 3.083401e-01 7.607693e-01
5.137241e-01 3.387185e-01 2.372785e-01 2.328321e+00
4.995733e-01 3.074038e-01 2.107864e-01 2.644753e-01
5.072285e-01 3.393058e-01 1.732052e-01 -2.242471e-01
5.138640e-01 3.398077e-01 2.064988e-01 -7.985994e-02
5.038007e-01 3.165398e-01 2.423193e-01 4.194542e-01
5.092538e-01 3.246147e-01 1.328451e-01 -6.936846e-02
5.040921e-01 3.090044e-01 2.004107e-01 3.384913e-01
5.074286e-01 3.171106e-01 1.796555e-01 3.633407e-01
5.150200e-01 3.567808e-01 3.271964e-01 7.325916e-01
5.092458e-01 3.397941e-01 1.736333e-01 8.205636e-02
5.078993e-01 3.223963e-01 2.242805e-01 -3.202061e-01
5.088509e-01 3.335121e-01 1.074712e-01 3.586880e-01
5.075111e-01 3.102720e-01 2.865862e-01 -3.406136e-01
5.033003e-01 2.910237e-01 2.209638e-01 -2.620890e-01
5.094738e-01 3.355686e-01 1.540657e-01 -1.144613e-02
5.137955e-01 3.295589e-01 1.706346e-01 6.526696e-01
4.999380e-01 3.018113e-01 1.949935e-01 2.716510e-01
5.021494e-01 3.062321e-01 2.292727e-01 7.217022e-01
5.119148e-01 3.228099e-01 1.584702e-01 3.521881e-01
5.020914e-01 3.064723e-01 2.392438e-01 5.398391e-01
5.111460e-01 3.440931e-01 2.776083e-01 4.220716e-01
5.078267e-01 3.065725e-01 2.991534e-01 8.021816e-01
5.045807e-01 3.041784e-01 2.077731e-01 8.228324e-02
5.055506e-01 3.108104e-01 2.422357e-01 5.985218e-01
5.023988e-01 3.243083e-01 9.337049e-02 1.864977e-01
5.058724e-01 3.175472e-01 3.924108e-01 2.542894e-01
5.096091e-01 3.236150e-01 2.334695e-01 4.512157e-02
5.054482e-01 3.075381e-01 7.127350e-02 2.494431e-01
5.057659e-01 3.169153e-01 2.057956e-01 3.362834e-01
5.086186e-01 3.212912e-01 2.458598e-01 6.000978e-02
5.048138e-01 3.286549e-01 1.561961e-01 -2.977034e-01
5.106074e-01 3.070056e-01 2.425742e-01 9.881703e-02
5.038265e-01 3.127565e-01 2.490524e-01 -3.788449e-02
5.039957e-01 3.077369e-01 2.259526e-01 4.803614e-02
5.038718e-01 3.166687e-01 2.190453e-01 7.549907e-01
5.086021e-01 3.426787e-01 1.960023e-01 -1.130300e-01
4.998911e-01 2.910660e-01 2.505620e-01 4.328108e-01
5.075215e-01 3.037276e-01 2.520261e-01 -2.091162e-01
5.033251e-01 3.260071e-01 2.493199e-01 -9.450524e-02
5.095843e-01 3.328251e-01 1.859411e-01 6.786016e-01
5.027937e-01 3.208407e-01 2.429685e-01 1.292819e+00
5.052734e-01 3.287261e-01 1.228668e-01 4.794587e-01
5.065949e-01 3.021106e-01 1.479387e-01 3.129395e-01
5.036379e-01 3.033099e-01 1.279210e-01 6.400878e-02
5.047293e-01 3.200932e-01 1.941899e-01 1.008975e+00
5.088055e-01 3.317624e-01 2.182914e-01 9.452744e-02
5.082825e-01 3.270201e-01 1.803556e-01 2.248991e-01
5.087390e-01 3.265037e-01 2.923821e-01 -1.038425e-02
5.046067e-01 3.172500e-01 2.520097e-01 1.816984e-01
5.030503e-01 2.949770e-01 2.697802e-01 2.132799e-01
5.090136e-01 3.252079e-01 2.246617e-01 2.892076e-01
5.128786e-01 3.314231e-01 1.874923e-01 8.979813e-01
5.092209e-01 3.452692e-01 1.905491e-01 7.661814e-01
5.012480e-01 3.227541e-01 2.359134e-01 -2.204771e-01
5.040915e-01 3.101376e-01 2.306619e-01 1.662083e-01
5.114646e-01 3.247502e-01 2.766160e-01 2.563786e+00
5.075255e-01 3.228895e-01 1.682918e-01 1.264151e-01
5.084071e-01 3.066483e-01 2.131689e-01 1.767564e-01
5.083660e-01 3.147785e-01 1.856056e-01 6.542574e-01
5.083009e-01 3.053743e-01 1.943026e-01 8.624577e-01
5.050518e-01 3.082899e-01 2.694903e-01 4.064602e-02
5.084409e-01 3.319979e-01 3.100561e-01 -1.242059e-01
5.069030e-01 3.072958e-01 1.480124e-01 -2.166755e-03
5.067546e-01 3.109333e-01 2.157427e-01 4.841169e-01
5.144558e-01 3.175083e-01 2.122859e-01 2.607136e-01
5.061212e-01 3.303413e-01 3.232083e-01 5.796167e-02
5.029957e-01 3.234724e-01 1.707419e-01 1.872233e-01
5.108896e-01 3.121030e-01 2.708336e-01 -8.482680e-02
5.112767e-01 3.104728e-01 1.811860e-01 1.731705e-01
5.009645e-01 2.957807e-01 1.973037e-01 3.746723e-01
5.068340e-01 3.157460e-01 2.657857e-01 -1.286451e-01
5.097427e-01 3.269591e-01 1.451935e-01 4.450726e-01
5.120826e-01 3.286339e-01 2.843047e-01 -4.057030e-01
5.061421e-01 3.135123e-01 1.539983e-01 2.361512e-01
5.050310e-01 2.954878e-01 2.831182e-01 1.131393e+00
5.075002e-01 3.272501e-01 1.658726e-01 1.435113e+00
5.044857e-01 3.178420e-01 2.189035e-01 -7.023277e-03
5.145512e-01 3.262725e-01 2.108170e-01 3.002254e-01
5.030922e-01 2.935426e-01 1.995619e-01 -3.143303e-01
5.102460e-01 3.213131e-01 2.281257e-01 1.254245e-01
5.052858e-01 3.125340e-01 1.580165e-01 1.094658e-01
5.162278e-01 3.566416e-01 2.426293e-01 4.206093e-01
5.047372e-01 3.186137e-01 1.684769e-01 9.767188e-01
5.057080e-01 3.319880e-01 1.713779e-01 5.228984e-01
5.044096e-01 3.125670e-01 1.812420e-01 1.299433e-01
5.065570e-01 3.206128e-01 2.436070e-01 3.021829e-03
5.068541e-01 3.165177e-01 2.027679e-01 -nan
5.052527e-01 3.160941e-01 2.852987e-01 -3.020688e-02
5.054376e-01 3.073323e-01 2.958273e-01 -4.688966e-01
5.043650e-01 3.121452e-01 3.009768e-01 5.026391e-01
5.086550e-01 3.113550e-01 1.297441e-01 -5.399128e-03
5.053209e-01 3.140309e-01 2.171329e-01 -1.101811e-01
4.967702e-01 3.001188e-01 1.916258e-01 2.156565e-01
5.056952e-01 3.054349e-01 1.850083e-01 7.658661e-03
5.142314e-01 3.272859e-01 2.395633e-01 2.260413e-01
5.064332e-01 3.126661e-01 2.407527e-01 9.496992e-01
5.066328e-01 3.074620e-01 1.614967e-01 5.379893e-01
5.087195e-01 3.239224e-01 2.000846e-01 1.629868e-02
5.079047e-01 3.264300e-01 2.336812e-01 2.004856e+00
5.110341e-01 3.335546e-01 3.299352e-01 -1.368723e-01
5.029088e-01 2.935194e-01 1.505852e-01 -1.875746e-01
5.080999e-01 3.388804e-01 2.035095e-01 2.310958e-01
5.129707e-01 3.410501e-01 2.494449e-01 -2.959937e-01
5.020122e-01 2.985328e-01 1.633061e-01 1.249888e+00
5.086259e-01 3.201912e-01 2.283941e-01 6.566689e-01
5.110354e-01 3.328438e-01 2.181079e-01 4.731007e-02
4.992331e-01 3.079375e-01 2.050611e-01 1.384498e+00
5.049991e-01 2.945017e-01 2.037550e-01 1.472366e-01
5.106402e-01 3.341972e-01 2.470271e-01 -1.887043e-01
5.054996e-01 3.247474e-01 2.529253e-01 2.821736e-01
5.081981e-01 3.233363e-01 1.998601e-01 2.247635e-01
5.074103e-01 3.109551e-01 2.461677e-01 9.105146e-01
5.128915e-01 3.158986e-01 2.485045e-01 -3.124655e-01
5.002824e-01 3.032612e-01 7.888310e-02 2.741584e-01
5.043517e-01 3.217952e-01 1.534611e-01 1.055937e-01
5.146473e-01 3.324181e-01 1.805820e-01 -6.365554e-02
5.060954e-01 3.356315e-01 1.890322e-01 -2.130208e-01
5.101107e-01 3.173656e-01 2.964694e-01 2.161501e-01
5.083084e-01 3.201082e-01 1.937158e-01 -1.330924e-01
5.115840e-01 3.229909e-01 3.861391e-01 -2.484089e-02
5.139846e-01 3.218660e-01 2.180615e-01 1.760227e-01
5.104636e-01 3.327271e-01 2.368718e-01 1.503912e-01
5.061648e-01 3.118560e-01 2.026132e-01 5.231721e-03
5.102782e-01 3.163660e-01 2.703544e-01 -1.782998e-01
5.038109e-01 3.055714e-01 1.514309e-01 1.810390e-01
5.102948e-01 3.254228e-01 2.281040e-01 -6.376785e-01
5.041637e-01 3.145163e-01 2.428850e-01 2.687851e-02
5.005607e-01 3.092979e-01 2.748453e-01 -2.616820e-01
5.027895e-01 3.106372e-01 2.301727e-01 5.634818e-01
5.016556e-01 3.040552e-01 1.735279e-01 6.503293e-01
5.133613e-01 3.386117e-01 2.380279e-01 -8.507219e-02
5.128167e-01 3.223976e-01 2.555727e-01 -nan
5.108535e-01 3.246583e-01 2.717995e-01 1.106108e-01
5.119930e-01 3.203495e-01 1.438594e-01 7.406906e-02
5.028997e-01 3.179245e-01 2.127391e-01 -2.526777e-01
5.014234e-01 3.140142e-01 2.365963e-01 1.591276e-02
5.103036e-01 3.324099e-01 2.163033e-01 8.568653e-01
5.071561e-01 2.943271e-01 2.015756e-01 2.892313e-01
5.023446e-01 3.111504e-01 2.797664e-01 -1.696872e-01
5.029598e-01 3.073508e-01 2.226898e-01 -5.091467e-01
5.048918e-01 3.095937e-01 1.536615e-01 8.666714e-02
5.089919e-01 3.204209e-01 1.945559e-01 -1.922771e-01
5.029636e-01 3.178479e-01 1.617044e-01 4.297704e-01
5.092616e-01 3.371863e-01 3.939961e-01 4.230000e-01
5.080408e-01 3.250355e-01 7.574180e-02 3.066697e-01
5.081373e-01 3.222094e-01 1.512351e-01 -2.631201e-01
5.052860e-01 3.183534e-01 3.053984e-01 7.504187e-01
5.129755e-01 3.023274e-01 2.012856e-01 3.781580e-01
5.039581e-01 3.150311e-01 1.858578e-01 -nan
5.055951e-01 3.203570e-01 2.525487e-01 4.400095e-02
5.037870e-01 3.254561e-01 2.996216e-01 7.677403e-01
5.099887e-01 3.024860e-01 2.450791e-01 4.582466e-01
5.059669e-01 3.176024e-01 1.135811e-01 1.941573e-01
5.121379e-01 3.226194e-01 1.902458e-01 -2.503967e-01
5.044862e-01 3.131931e-01 1.925018e-01 4.711133e-01
5.032177e-01 3.218147e-01 2.212766e-01 4.758833e-02
5.047524e-01 3.063083e-01 2.073116e-01 -3.218641e-02
5.069368e-01 3.231425e-01 1.438638e-01 3.549439e-01
5.078626e-01 3.265149e-01 2.125990e-01 1.286932e+00
5.081707e-01 3.110945e-01 3.068932e-01 2.174041e-01
5.099280e-01 3.252126e-01 2.196370e-01 -1.325531e-01
5.020999e-01 3.047652e-01 2.146561e-01 5.848354e-01
5.061063e-01 3.131437e-01 1.313512e-01 2.134614e-01
4.998636e-01 3.067599e-01 1.599950e-01 7.994934e-02
5.023044e-01 2.956077e-01 1.915683e-01 -3.044421e-02
5.049780e-01 3.261981e-01 1.928479e-01 -1.158401e-01
5.134095e-01 3.127348e-01 1.643977e-01 6.254532e-02
5.096202e-01 3.380977e-01 2.238323e-01 1.881060e-02
5.062236e-01 3.060791e-01 2.663944e-01 6.729458e-01
5.086212e-01 3.118836e-01 3.004688e-01 6.995262e-01
5.032698e-01 3.332826e-01 3.554312e-01 3.620695e-01
5.086250e-01 3.222656e-01 2.358474e-01 1.707988e+00
5.059764e-01 3.091283e-01 1.998172e-01 5.656451e-01
5.079292e-01 3.176422e-01 2.366300e-01 6.756303e-02
5.083201e-01 3.316682e-01 2.470521e-01 5.282749e-01
5.106688e-01 3.148548e-01 1.701352e-01 1.052280e-01
5.087597e-01 3.266763e-01 2.498614e-01 4.222435e-01
5.099106e-01 3.207222e-01 2.227723e-01 3.801137e-01
5.111300e-01 3.167325e-01 2.527903e-01 6.909842e-01
5.097054e-01 3.419256e-01 2.184684e-01 -1.568526e-01
5.034981e-01 3.267419e-01 2.419048e-01 3.800829e-01
5.080733e-01 3.123703e-01 2.029286e-01 7.634549e-02
5.068277e-01 3.178994e-01 2.665547e-01 -3.235429e-01
5.063368e-01 3.234561e-01 2.674941e-01 -3.864630e-02
5.123974e-01 3.274446e-01 2.775162e-01 5.076327e-01
5.076913e-01 3.285307e-01 1.477426e-01 8.028253e-01
5.091134e-01 3.231968e-01 2.081051e-01 4.889906e-01
5.094913e-01 3.090278e-01 2.809471e-01 5.555090e-01
5.154336e-01 3.429120e-01 1.368710e-01 -2.159268e-01
4.987872e-01 3.171007e-01 1.691480e-01 1.415331e-01
5.087155e-01 3.277910e-01 1.642992e-01 -3.892188e-01
5.113668e-01 3.138389e-01 2.348839e-01 -2.218795e-01
5.156098e-01 3.156108e-01 2.088347e-01 -2.653031e-01
5.043344e-01 3.120157e-01 1.418622e-01 3.953171e-01
5.083946e-01 3.189313e-01 2.338713e-01 -1.201470e-01
5.100048e-01 3.174107e-01 2.813961e-01 2.051707e-01
5.069280e-01 3.137066e-01 3.245054e-01 -1.762931e-02
5.058225e-01 3.122833e-01 1.719859e-01 3.212638e-01
5.086289e-01 3.371981e-01 2.507201e-01 9.901780e-01
5.049333e-01 3.164689e-01 2.089912e-01 2.767550e-01
5.117754e-01 3.092020e-01 2.622895e-01 1.202870e-02
5.066244e-01 3.108551e-01 2.124583e-01 8.486467e-01
5.065115e-01 2.875654e-01 2.048022e-01 5.602733e-02
5.108620e-01 3.210379e-01 1.223787e-01 3.065954e-01
5.037068e-01 3.388782e-01 2.127974e-01 1.184766e+00
5.129110e-01 3.017681e-01 1.551886e-01 1.718748e-01
5.128481e-01 3.212246e-01 1.627050e-01 5.367022e-01
5.085693e-01 3.427701e-01 4.114663e-01 1.522129e+00
5.056309e-01 3.226347e-01 2.117781e-01 1.652580e-01
5.077889e-01 3.286591e-01 2.247761e-01 1.656341e-01
5.055544e-01 3.209504e-01 1.822725e-01 1.081092e+00
5.029109e-01 3.115718e-01 2.169642e-01 -6.029921e-02
5.104163e-01 2.860873e-01 2.278687e-01 6.878118e-02
5.141004e-01 3.356366e-01 2.419424e-01 -1.715138e-01
5.067407e-01 3.125955e-01 2.276454e-01 1.343699e+00
5.046144e-01 3.072175e-01 1.891284e-01 5.286892e-01
5.111498e-01 3.330692e-01 2.501039e-01 8.634062e-02
5.052635e-01 3.036510e-01 1.495983e-01 5.583249e-01
5.102428e-01 3.394846e-01 2.076025e-01 -2.660282e-02
5.070866e-01 3.187799e-01 2.045792e-01 -7.010735e-01
5.068039e-01 3.283638e-01 2.175105e-01 -9.079951e-02
5.070092e-01 3.097467e-01 2.258465e-01 -3.030831e-01
5.096652e-01 3.057944e-01 3.089019e-01 1.667611e-01
5.048881e-01 3.145746e-01 1.800890e-01 2.243316e-01
5.035009e-01 3.145938e-01 1.779617e-01 -2.359605e-01
5.092151e-01 2.890102e-01 1.890615e-01 3.918951e-02
5.105233e-01 3.306282e-01 1.770267e-01 3.182083e-01
5.111272e-01 3.257804e-01 2.599149e-01 1.664755e+00
5.047172e-01 3.295146e-01 2.808214e-01 -3.851808e-02
5.088623e-01 2.967320e-01 2.408309e-01 4.921755e-02
5.130996e-01 3.209861e-01 1.359070e-01 1.043898e+00
5.019812e-01 3.000819e-01 2.321281e-01 -2.036037e-01
5.012536e-01 3.078536e-01 1.916972e-01 2.878677e-01
5.067055e-01 3.450379e-01 1.638296e-01 5.332138e-01
4.998699e-01 3.179254e-01 2.581488e-01 6.479879e-01
5.096528e-01 3.196683e-01 2.003829e-01 5.028383e-01
5.082024e-01 3.247964e-01 2.164377e-01 4.786696e-01
5.062277e-01 3.225388e-01 2.093373e-01 2.993577e-01
5.059612e-01 3.285012e-01 2.308402e-01 3.281829e-01
5.051133e-01 3.153945e-01 1.867477e-01 -4.797930e-02
5.097923e-01 3.124539e-01 1.771163e-01 -4.079375e-01
5.027505e-01 3.118714e-01 2.080031e-01 2.497249e-01
5.080247e-01 3.213699e-01 2.647906e-01 7.354738e-01
5.019967e-01 3.106569e-01 3.266097e-01 5.906590e-02
5.097727e-01 3.127722e-01 1.982639e-01 -1.865317e-01
5.032351e-01 3.128068e-01 2.383303e-01 -1.464184e-01
5.034875e-01 3.212661e-01 2.645818e-01 5.903884e-02
5.001470e-01 3.106791e-01 2.551963e-01 1.691426e-01
5.042153e-01 3.141689e-01 1.284602e-01 6.295961e-02
5.039879e-01 3.119236e-01 1.371596e-01 1.328636e+00
5.035945e-01 3.219911e-01 1.518287e-01 2.504375e-01
5.072049e-01 3.175949e-01 1.639218e-01 3.945187e-01
5.073253e-01 3.275472e-01 3.537430e-01 9.287982e-01
5.071410e-01 3.012442e-01 1.999078e-01 -3.451576e-02
5.038085e-01 3.058551e-01 2.289080e-01 -9.480263e-03
5.060452e-01 2.993224e-01 2.037223e-01 2.212910e-01
5.026621e-01 3.190885e-01 2.253221e-01 -1.379683e-02
5.025384e-01 3.175458e-01 2.150081e-01 2.892521e+00
5.029516e-01 3.316548e-01 2.587145e-01 2.009316e-01
5.063261e-01 3.378948e-01 2.408079e-01 -3.245865e-01
5.023968e-01 3.194376e-01 2.460540e-01 -1.734151e-01
5.041291e-01 3.260065e-01 1.417758e-01 -1.707828e-01
5.043919e-01 3.230618e-01 1.889323e-01 -3.441583e-01
5.087497e-01 3.174471e-01 1.781876e-01 -6.635654e-02
5.078800e-01 3.252171e-01 2.883052e-01 2.310537e-01
4.998754e-01 2.853310e-01 2.128993e-01 -3.567192e-02
5.058204e-01 2.972528e-01 2.477164e-01 4.028212e-02
5.088159e-01 3.289464e-01 1.508423e-01 -7.402299e-02
5.047510e-01 3.147251e-01 2.160340e-01 8.563113e-01
5.150051e-01 3.339917e-01 2.033566e-01 5.525086e-01
5.100916e-01 3.280727e-01 3.355117e-01 2.919909e-01
5.067446e-01 3.273153e-01 2.287598e-01 6.668566e-01
5.094772e-01 3.034876e-01 2.676578e-01 -1.652279e-01
4.986666e-01 3.049766e-01 1.381252e-01 2.592255e-01
5.033998e-01 3.174844e-01 2.554993e-01 6.481237e-01
5.058494e-01 3.408000e-01 2.813682e-01 -8.283343e-02
5.057477e-01 3.226182e-01 2.134795e-01 3.963000e-01
5.083674e-01 3.163178e-01 1.517722e-01 7.267959e-02
5.112017e-01 3.051238e-01 2.686823e-01 1.460906e-01
5.144145e-01 3.182360e-01 2.564402e-01 3.580711e-01
5.094389e-01 3.084625e-01 1.952871e-01 6.827757e-01
5.033370e-01 3.216330e-01 2.608485e-01 1.175107e+00
5.060934e-01 3.184580e-01 2.654043e-01 -1.021600e-01
5.093935e-01 3.192280e-01 2.226869e-01 -4.315555e-01
5.025979e-01 3.179419e-01 1.535018e-01 6.480943e-01
5.074654e-01 2.979556e-01 1.634392e-01 -2.989562e-01
4.999001e-01 3.009439e-01 1.806945e-01 2.347589e-01
5.068992e-01 3.114790e-01 2.327854e-01 -8.398254e-02
5.068759e-01 3.200926e-01 2.782678e-01 6.424909e-01
5.118406e-01 3.444058e-01 2.177834e-01 -4.373988e-01
5.090909e-01 3.143680e-01 2.601070e-01 -2.840737e-01
5.018456e-01 3.022766e-01 1.580153e-01 -3.561526e-01
5.107647e-01 3.005859e-01 2.375356e-01 4.898649e-01
5.058107e-01 3.268322e-01 2.113542e-01 5.215928e-01
5.027106e-01 3.362271e-01 2.133958e-01 9.178450e-01
5.136202e-01 3.444710e-01 2.719100e-01 -4.076991e-02
5.017793e-01 2.932447e-01 2.484236e-01 -6.282175e-02
5.025208e-01 3.142598e-01 3.106272e-01 -2.913756e-01
5.068255e-01 3.206892e-01 3.064096e-01 4.830841e-01
5.100755e-01 3.103372e-01 1.867167e-01 3.718001e-01
5.111969e-01 3.262705e-01 2.147993e-01 5.176333e-01
5.080191e-01 3.196970e-01 1.615438e-01 6.885067e-02
5.039452e-01 3.100880e-01 2.001067e-01 4.201888e-01
5.066045e-01 3.203422e-01 1.883425e-01 4.134809e-01
5.074929e-01 3.078569e-01 1.897316e-01 7.652304e-02
5.109025e-01 3.137155e-01 3.191664e-01 3.284097e-01
5.015464e-01 3.152756e-01 1.565693e-01 4.240272e-02
5.047376e-01 3.362836e-01 1.868882e-01 -2.923024e-01
5.032485e-01 3.165438e-01 2.167146e-01 8.213094e-01
5.074753e-01 3.124754e-01 2.393155e-01 6.435333e-01
5.023653e-01 3.193315e-01 2.242281e-01 2.614451e-01
5.047404e-01 3.258223e-01 2.181884e-01 6.627811e-01
5.020786e-01 2.945348e-01 2.431003e-01 7.481719e-01
5.102279e-01 3.266118e-01 1.813889e-01 1.709625e-01
5.092867e-01 3.132229e-01 2.022146e-01 1.659942e+00
5.109936e-01 3.258786e-01 2.614444e-01 1.928553e+00
5.137502e-01 3.146328e-01 2.654660e-01 3.720638e-01
5.092507e-01 3.295485e-01 3.061158e-01 1.747553e-01
5.077390e-01 3.018976e-01 1.927616e-01 9.012233e-01
5.032308e-01 3.063809e-01 2.992147e-01 -3.759153e-01
5.154724e-01 3.458634e-01 2.552140e-01 2.892320e-01
5.037934e-01 3.106316e-01 2.752841e-01 2.645540e-02
5.071894e-01 3.210469e-01 2.669093e-01 -2.836522e-01
5.065133e-01 3.027474e-01 1.606298e-01 -1.212057e-01
5.044530e-01 3.243910e-01 3.065043e-01 -1.597522e-01
5.045722e-01 3.068421e-01 2.831810e-01 3.214035e-01
5.109143e-01 3.311314e-01 2.398958e-01 4.069905e-02
5.190423e-01 3.245926e-01 2.374275e-01 8.796518e-02
5.066691e-01 2.955919e-01 1.706345e-01 1.456358e-01
5.061429e-01 3.130774e-01 2.228314e-01 8.592635e-01
5.078892e-01 3.023606e-01 2.567732e-01 -5.205640e-01
5.079237e-01 2.973928e-01 1.902605e-01 2.953060e-01
5.118661e-01 3.202353e-01 2.167115e-01 1.068354e+00
5.109396e-01 3.185561e-01 1.327915e-01 5.813454e-01
5.046782e-01 3.014280e-01 2.786264e-01 3.663208e-01
5.121636e-01 3.328606e-01 2.682878e-01 8.163380e-02
5.053545e-01 3.312118e-01 2.739933e-01 5.265293e-01
5.075303e-01 3.181166e-01 1.975841e-01 -5.025521e-02
5.020634e-01 2.945520e-01 1.492127e-01 3.331750e-01
4.974257e-01 2.956557e-01 1.920309e-01 -2.706936e-01
5.061197e-01 3.045279e-01 2.520184e-01 1.778616e+00
5.083240e-01 3.247757e-01 3.322560e-01 -6.507260e-01
5.088485e-01 3.226215e-01 1.609206e-01 -3.945986e-01
5.059881e-01 2.941959e-01 1.273757e-01 8.293276e-02
5.063749e-01 3.181191e-01 2.463653e-01 9.641397e-01
4.981836e-01 3.003804e-01 2.459068e-01 -3.279842e-02
4.990872e-01 3.070503e-01 2.635875e-01 9.276199e-01
5.070449e-01 3.048145e-01 3.028217e-01 2.800008e-01
5.118745e-01 3.160439e-01 1.943455e-01 -5.019573e-01
5.043588e-01 3.251353e-01 2.874858e-01 6.030972e-01
5.086443e-01 3.195171e-01 3.229445e-01 1.040741e+00
5.032900e-01 3.095724e-01 1.968795e-01 -2.088204e-01
5.048156e-01 3.092324e-01 2.432181e-01 -1.192816e-01
5.037005e-01 3.203108e-01 1.388165e-01 -2.107710e-02
5.079966e-01 3.146089e-01 1.949760e-01 1.158492e-01
5.095758e-01 3.073029e-01 1.787581e-01 1.557790e-01
5.052889e-01 3.246028e-01 1.435898e-01 3.115464e-01
5.076251e-01 3.189702e-01 1.584942e-01 -4.400230e-02
5.019483e-01 3.074015e-01 2.144734e-01 -1.462995e-01
5.069174e-01 3.204817e-01 2.439913e-01 -8.400643e-02
5.026281e-01 3.228018e-01 1.675022e-01 9.701706e-01
5.052831e-01 2.945009e-01 2.448514e-01 -2.143007e-01
5.069231e-01 3.167676e-01 1.724468e-01 1.676999e-01
5.029794e-01 3.205500e-01 1.926385e-01 -1.491551e-01
5.066915e-01 3.228760e-01 2.029202e-01 5.647791e-01
5.085689e-01 3.279563e-01 3.322070e-01 4.367481e-01
5.053299e-01 3.207517e-01 2.481428e-01 -4.765527e-01
5.141322e-01 3.386278e-01 1.667595e-01 2.913072e-01
5.022629e-01 3.180861e-01 1.851211e-01 8.778560e-02
5.039399e-01 3.189768e-01 1.855780e-01 3.653271e-01
5.023990e-01 3.053453e-01 1.880685e-01 6.991538e-03
5.050811e-01 3.190915e-01 1.856128e-01 -2.820220e-01
5.030913e-01 3.312750e-01 1.607952e-01 5.132745e-02
5.111042e-01 3.417901e-01 2.361504e-01 1.893313e-01
5.026446e-01 3.158339e-01 2.354024e-01 4.891751e-01
5.061204e-01 3.206861e-01 2.685278e-01 2.299336e-01
5.013765e-01 3.115253e-01 1.759754e-01 5.938686e-01
5.031875e-01 3.156711e-01 1.274621e-01 -7.297931e-02
5.051700e-01 2.971403e-01 1.984586e-01 1.907841e-01
5.021796e-01 3.270453e-01 1.694413e-01 1.076751e-01
5.081010e-01 3.184469e-01 1.795040e-01 9.468796e-01
5.079078e-01 3.286481e-01 2.020161e-01 -3.012595e-01
5.043450e-01 2.909461e-01 1.983656e-01 3.003336e-01
5.116893e-01 3.294296e-01 2.799882e-01 6.753044e-01
4.972299e-01 3.041149e-01 1.538330e-01 3.759529e-01
5.104354e-01 2.925428e-01 1.870356e-01 3.255245e-01
5.128330e-01 3.183664e-01 1.753485e-01 1.059822e+00
5.079591e-01 3.231907e-01 1.461121e-01 3.350812e-01
5.126762e-01 3.351734e-01 2.475951e-01 5.803209e-02
5.083814e-01 3.303562e-01 2.332138e-01 -1.942579e-01
4.971322e-01 3.058055e-01 3.073043e-01 3.239876e-01
5.080843e-01 3.162408e-01 1.795575e-01 9.546980e-01
5.116506e-01 3.254626e-01 2.094726e-01 9.375396e-01
5.057459e-01 3.285378e-01 2.874627e-01 5.576423e-02
5.089782e-01 3.324310e-01 2.063580e-01 -2.340744e-01
5.068320e-01 3.032955e-01 1.531604e-01 -1.980478e-01
4.986364e-01 3.133330e-01 1.974498e-01 -2.104007e-01
4.955186e-01 3.143771e-01 2.441831e-01 1.219818e-01
5.093888e-01 3.130447e-01 2.116081e-01 -3.343307e-02
5.112041e-01 3.136574e-01 1.831528e-01 7.743884e-01
5.102698e-01 3.119148e-01 1.622758e-01 3.760494e-02
5.097788e-01 3.334267e-01 1.497394e-01 1.941282e+00
5.028201e-01 3.164827e-01 1.944583e-01 7.726494e-01
5.051713e-01 3.186240e-01 2.118936e-01 2.813728e-01
5.094235e-01 3.035173e-01 2.141304e-01 5.542267e-01
5.054664e-01 3.097056e-01 2.986246e-01 2.362194e-02
5.084026e-01 3.224854e-01 3.059131e-01 -5.360061e-01
5.069066e-01 3.029179e-01 2.011838e-01 3.051092e-01
5.088219e-01 3.064161e-01 2.863781e-01 7.588533e-01
5.073274e-01 3.100953e-01 2.271577e-01 -3.510212e-01
5.111548e-01 3.228225e-01 1.861662e-01 -2.681346e-03
5.064444e-01 3.274354e-01 1.637932e-01 -4.188455e-01
5.051468e-01 2.993070e-01 1.655234e-01 5.692057e-01
5.041983e-01 3.112489e-01 2.059391e-01 -2.081648e-03
5.094964e-01 3.242432e-01 1.421536e-01 1.820330e-01
5.033506e-01 2.978697e-01 3.045329e-01 3.161713e-01
5.060513e-01 3.247992e-01 3.117312e-01 5.788672e-02
5.165950e-01 3.141576e-01 2.064323e-01 -1.410873e-01
5.067695e-01 3.227610e-01 1.938106e-01 4.643916e-01
5.110524e-01 3.526800e-01 2.119865e-01 5.872054e-02
5.029927e-01 3.149805e-01 2.879938e-01 8.598642e-02
4.990322e-01 3.128066e-01 1.423780e-01 7.453865e-03
5.154310e-01 3.485147e-01 2.917795e-01 -nan
5.075835e-01 3.266129e-01 2.013169e-01 2.023277e-01
5.071729e-01 3.147992e-01 1.592223e-01 -4.907341e-01
5.037681e-01 3.173323e-01 1.537688e-01 -6.409529e-02
5.026310e-01 3.177663e-01 1.406195e-01 3.582716e-01
5.033752e-01 3.070219e-01 2.223028e-01 1.047680e+00
5.090115e-01 3.249555e-01 1.711267e-01 3.012237e-01
5.026667e-01 3.311036e-01 1.681707e-01 -9.663338e-02
5.074959e-01 3.255314e-01 1.752381e-01 8.115488e-02
5.055193e-01 3.207120e-01 2.754181e-01 -4.449833e-01
5.080408e-01 3.087473e-01 1.919344e-01 -6.284295e-02
5.120003e-01 3.180507e-01 2.904136e-01 1.164644e+00
5.097649e-01 3.167733e-01 2.216563e-01 2.916167e-01
5.067939e-01 2.950408e-01 1.322386e-01 1.005397e+00
5.117054e-01 3.454752e-01 1.908508e-01 5.070685e-01
5.028947e-01 3.104850e-01 2.256295e-01 -1.176382e-01
5.028964e-01 3.115775e-01 2.379481e-01 1.199563e+00
5.074456e-01 3.190543e-01 1.955861e-01 8.207126e-01
5.024288e-01 3.084862e-01 2.787418e-01 -4.288569e-02
5.085193e-01 3.068319e-01 1.762259e-01 2.666751e-03
5.033003e-01 2.982521e-01 1.641527e-01 2.449267e-01
5.042495e-01 3.186679e-01 1.718138e-01 -8.056566e-02
5.074650e-01 3.281328e-01 1.972344e-01 4.358644e-01
5.010018e-01 3.106513e-01 1.061155e-01 2.370067e-01
5.092646e-01 3.424417e-01 2.396529e-01 1.225238e+00
5.101969e-01 3.334275e-01 2.639384e-01 6.334601e-01
5.112453e-01 3.070529e-01 2.807925e-01 -2.245828e-02
5.052937e-01 3.233538e-01 2.276022e-01 4.165233e-01
5.088284e-01 3.179709e-01 2.195932e-01 2.098436e-01
5.044553e-01 2.957217e-01 2.005409e-01 4.240471e-01
5.095949e-01 3.267263e-01 1.939293e-01 2.404169e-01
5.055954e-01 3.158421e-01 1.919592e-01 -3.365950e-04
5.099035e-01 3.426982e-01 2.299350e-01 6.446175e-01
5.091089e-01 3.323897e-01 2.112082e-01 -2.243493e-01
5.077700e-01 3.255462e-01 1.354096e-01 1.375366e+00
5.097132e-01 3.280348e-01 3.394435e-01 1.435909e-01
5.117566e-01 3.416068e-01 1.890245e-01 2.603837e-01
5.134648e-01 3.178146e-01 2.284805e-01 1.332542e-01
5.131304e-01 3.259003e-01 1.352871e-01 1.706921e-01
5.079432e-01 3.182192e-01 2.273265e-01 -2.374755e-01
5.112712e-01 3.103142e-01 2.901433e-01 2.852183e-01
5.060510e-01 2.996462e-01 1.119701e-01 3.532369e-01
5.041563e-01 3.063777e-01 1.574548e-01 7.420261e-02
5.116757e-01 3.228525e-01 1.817485e-01 4.568081e-02
5.027384e-01 3.124233e-01 2.025921e-01 3.327476e-01
5.045113e-01 3.072603e-01 1.216743e-01 -7.518730e-03
5.014065e-01 3.072231e-01 1.587500e-01 1.158872e-01
5.039997e-01 3.179632e-01 2.002003e-01 -8.594720e-02
5.011921e-01 3.015269e-01 1.382341e-01 3.146834e-01
5.024570e-01 3.282293e-01 2.816250e-01 2.113800e-01
5.095864e-01 3.070907e-01 2.278736e-01 2.074090e-02
5.002442e-01 3.220102e-01 2.154805e-01 -1.183287e-01
5.021264e-01 3.176680e-01 2.060645e-01 6.173844e-02
5.072084e-01 3.193666e-01 2.904553e-01 4.410291e-01
5.112942e-01 3.307469e-01 1.881954e-01 1.853315e-01
5.148144e-01 3.311756e-01 2.771403e-01 4.408926e-01
5.073241e-01 3.092128e-01 1.961810e-01 8.195005e-02
5.092708e-01 3.269586e-01 7.017876e-02 -2.203500e-01
5.048798e-01 3.099611e-01 2.046270e-01 4.876389e-01
5.039393e-01 3.377480e-01 1.369031e-01 5.953774e-01
5.126628e-01 3.091587e-01 1.938984e-01 2.311884e-01
5.054766e-01 3.333021e-01 2.176477e-01 -2.824909e-01
5.057426e-01 3.184776e-01 3.264810e-01 -7.869465e-02
5.039697e-01 3.243657e-01 2.240182e-01 1.699208e+00
5.080832e-01 3.178147e-01 1.537517e-01 1.555797e-01
5.135766e-01 3.356589e-01 3.240775e-01 8.666837e-01
5.072746e-01 3.187212e-01 1.946553e-01 5.913027e-02
5.070898e-01 3.169878e-01 2.303298e-01 -2.605605e-02
5.067019e-01 3.114991e-01 1.534543e-01 6.182689e-01
5.108534e-01 3.153329e-01 2.008543e-01 9.522959e-01
5.051119e-01 3.092623e-01 1.501777e-01 3.695529e-01
5.034363e-01 3.135877e-01 1.527282e-01 2.358671e-01
5.042291e-01 2.925593e-01 2.023586e-01 -2.138328e-01
5.097981e-01 3.495889e-01 3.156838e-01 3.806115e+00
5.049495e-01 3.056518e-01 1.641659e-01 -4.290070e-01
5.063106e-01 3.176131e-01 3.026788e-01 -1.092996e-02
5.070413e-01 3.332814e-01 1.795691e-01 4.774979e-01
5.076020e-01 3.247778e-01 2.372644e-01 6.284155e-01
5.151291e-01 3.282430e-01 2.898722e-01 -nan
5.092076e-01 3.447645e-01 3.073796e-01 3.787962e-01
4.980932e-01 2.966834e-01 1.743059e-01 1.237883e-01
5.094802e-01 3.161135e-01 1.617810e-01 -5.021843e-02
5.085584e-01 3.141824e-01 2.993963e-01 -3.766108e-02
5.155466e-01 3.409285e-01 3.181478e-01 4.037757e-01
5.037041e-01 3.111180e-01 2.295642e-01 -6.540363e-02
5.060582e-01 3.088827e-01 1.624800e-01 2.626786e-01
5.060890e-01 3.030235e-01 2.367795e-01 -4.458011e-01
5.023621e-01 3.191022e-01 2.446840e-01 6.295649e-01
5.080077e-01 3.402644e-01 1.227088e-01 3.435975e-02
5.038256e-01 3.025631e-01 2.599054e-01 2.572496e-01
5.022958e-01 3.091185e-01 2.771736e-01 4.841482e-01
5.018225e-01 3.089654e-01 2.265015e-01 2.718150e-01
5.099277e-01 3.101973e-01 2.345614e-01 -4.658504e-02
4.986509e-01 3.216650e-01 1.193634e-01 6.414934e-01
5.066458e-01 3.306643e-01 2.412268e-01 1.472354e+00
5.071235e-01 3.084545e-01 1.584302e-01 4.969386e-01
5.114106e-01 3.361301e-01 2.838966e-01 1.882885e+00
5.046480e-01 3.179264e-01 1.468857e-01 1.469737e-01
5.021607e-01 3.094692e-01 1.899621e-01 2.305824e-01
5.056220e-01 3.118125e-01 2.078625e-01 9.782605e-01
5.036817e-01 3.120045e-01 2.687684e-01 -1.522826e-01
5.017147e-01 3.132668e-01 1.197219e-01 3.036689e-01
5.028009e-01 3.163572e-01 1.234893e-01 8.938167e-01
5.093805e-01 3.173757e-01 2.367001e-01 5.178849e-01
5.079274e-01 3.311593e-01 3.623092e-01 -nan
5.060197e-01 3.161501e-01 1.592947e-01 8.689035e-03
5.073097e-01 3.181440e-01 2.128175e-01 4.083751e-01
5.045416e-01 3.175248e-01 3.103279e-01 2.330935e-01
4.947119e-01 2.762188e-01 2.512425e-01 3.364986e-01
5.057489e-01 3.143272e-01 2.885636e-01 -1.298582e-01
5.058615e-01 3.174858e-01 2.227715e-01 -9.217787e-02
5.115434e-01 3.231460e-01 2.566979e-01 -2.784897e-01
5.095081e-01 3.309075e-01 2.887256e-01 -2.744058e-01
5.004941e-01 2.983314e-01 2.573862e-01 1.079920e+00
5.022484e-01 3.056397e-01 2.664511e-01 -5.473833e-02
5.002860e-01 3.000939e-01 1.968147e-01 2.048988e-02
5.086690e-01 3.247682e-01 2.204619e-01 -1.343340e-01
5.061084e-01 3.167200e-01 2.480991e-01 8.314331e-01
5.124152e-01 3.189810e-01 1.389684e-01 9.415079e-01
5.068411e-01 3.118941e-01 2.478551e-01 -1.147254e-01
5.061687e-01 3.215372e-01 1.789943e-01 -2.024754e-01
5.087596e-01 3.169161e-01 2.003866e-01 1.360547e-01
5.049577e-01 3.212622e-01 1.139132e-01 6.553583e-01
5.048537e-01 2.955961e-01 1.590321e-01 4.257697e-01
5.118413e-01 3.125518e-01 1.517741e-01 6.090976e-01
5.060588e-01 3.411331e-01 2.810720e-01 2.361543e-01
5.135049e-01 3.227686e-01 3.112941e-01 1.722894e+00
5.100462e-01 3.335326e-01 3.519682e-01 1.690453e+00
4.980464e-01 3.129826e-01 2.030492e-01 3.826321e-01
5.059140e-01 3.216022e-01 2.574765e-01 -1.129742e-01
5.056463e-01 3.331649e-01 1.254133e-01 5.016425e-01
5.046742e-01 3.167837e-01 1.929577e-01 -4.688846e-01
5.081642e-01 3.141167e-01 3.201052e-01 -1.657772e-01
5.033213e-01 3.182436e-01 2.163943e-01 1.332461e+00
5.086178e-01 3.386954e-01 2.916020e-01 1.828667e-01
5.102671e-01 3.176760e-01 2.557322e-01 7.428595e-01
5.121759e-01 3.318592e-01 1.883401e-01 1.176205e+00
5.031498e-01 3.127586e-01 2.588550e-01 1.024062e+00
5.094824e-01 3.093783e-01 2.027355e-01 2.782343e-03
5.011369e-01 3.147112e-01 1.972905e-01 -1.188430e-02
5.074765e-01 3.195539e-01 1.767923e-01 -5.405296e-02
5.015901e-01 3.181868e-01 1.933757e-01 5.094351e-01
5.068342e-01 3.210236e-01 2.556913e-01 1.783463e-01
5.126550e-01 3.385019e-01 1.931229e-01 4.817847e-01
5.108083e-01 3.323711e-01 1.729269e-01 5.125417e-01
5.015619e-01 3.037751e-01 1.966788e-01 7.449425e-01
5.042549e-01 3.071396e-01 1.641689e-01 3.128087e-01
5.146496e-01 3.208446e-01 2.626022e-01 1.962907e-01
5.100255e-01 3.285270e-01 3.442318e-01 5.566550e-01
5.039442e-01 3.048434e-01 1.311569e-01 -7.740644e-02
5.029576e-01 3.069447e-01 1.961311e-01 1.965255e-01
5.085909e-01 3.039764e-01 2.279668e-01 3.739246e-01
5.075486e-01 3.055162e-01 1.689689e-01 1.271555e-01
5.070735e-01 3.123874e-01 1.545644e-01 -1.686214e-01
5.111756e-01 3.224909e-01 1.802578e-01 3.220033e-01
5.095242e-01 3.243911e-01 2.764179e-01 1.563663e-01
5.093377e-01 3.261486e-01 1.241742e-01 1.208160e-01
5.059160e-01 3.296332e-01 1.863983e-01 9.278823e-01
5.067153e-01 3.146690e-01 1.472750e-01 2.527378e-01
5.075224e-01 3.231265e-01 2.378443e-01 2.146594e-01
5.094588e-01 3.145230e-01 2.077926e-01 6.325381e-01
5.059303e-01 3.004714e-01 2.415671e-01 4.706605e-01
5.042176e-01 3.126636e-01 2.763637e-01 1.682225e-01
5.113381e-01 3.158844e-01 2.450969e-01 4.582370e-01
5.082605e-01 3.090393e-01 2.312192e-01 1.709796e+00
5.036896e-01 3.056338e-01 2.451001e-01 6.740253e-01
5.105311e-01 3.332403e-01 1.765111e-01 -1.407654e-01
5.091188e-01 3.331526e-01 1.981172e-01 6.001136e-02
5.012015e-01 3.140327e-01 2.534900e-01 6.838782e-01
5.077262e-01 3.115506e-01 1.729854e-01 2.261462e-03
5.072517e-01 3.402186e-01 2.172177e-01 -2.159762e-01
5.104026e-01 3.217768e-01 2.387775e-01 1.446808e+00
5.101087e-01 3.189965e-01 2.093939e-01 3.378074e-01
5.075293e-01 3.259006e-01 3.134320e-01 -7.052601e-01
5.016921e-01 2.879033e-01 2.135227e-01 1.034308e-01
5.030120e-01 3.095882e-01 2.493198e-01 2.434960e+00
5.035112e-01 3.137896e-01 3.584180e-01 6.690949e-01
5.097003e-01 3.380453e-01 2.796864e-01 2.805715e+00
5.091776e-01 3.122050e-01 2.978763e-01 -nan
5.079126e-01 3.308429e-01 2.098727e-01 2.140382e+00
5.083134e-01 3.166111e-01 2.168781e-01 2.051308e-01
5.108186e-01 3.259887e-01 1.762740e-01 -2.820261e-03
5.084353e-01 3.382315e-01 2.881172e-01 -1.256217e-01
5.034475e-01 3.007323e-01 2.396439e-01 2.192263e-01
5.088357e-01 3.078974e-01 1.399283e-01 -4.398536e-01
5.094636e-01 3.271391e-01 3.080079e-01 2.160135e-01
5.091864e-01 3.090924e-01 2.525553e-01 5.353668e-01
5.036890e-01 3.052356e-01 1.773069e-01 4.264737e-02
5.027875e-01 3.059913e-01 1.564729e-01 1.091470e-02
5.094297e-01 3.399297e-01 1.726887e-01 9.176016e-02
5.052903e-01 3.212883e-01 2.863827e-01 1.163283e-01
5.082350e-01 3.130061e-01 2.841182e-01 -2.365663e-01
5.007026e-01 3.027889e-01 1.226809e-01 1.565674e-02
5.108445e-01 3.112112e-01 1.994784e-01 -8.696841e-02
5.096974e-01 3.116974e-01 1.885330e-01 -1.286667e-01
5.066030e-01 3.157249e-01 2.418781e-01 1.106953e-01
5.112152e-01 3.181074e-01 2.194772e-01 3.795609e-01
5.017007e-01 3.294582e-01 1.594988e-01 -nan
5.078098e-01 3.020962e-01 2.401331e-01 -3.057544e-01
5.066446e-01 3.255129e-01 2.676834e-01 9.632142e-01
5.099706e-01 3.183342e-01 2.536390e-01 4.952614e-01
5.130778e-01 3.352913e-01 2.890028e-01 -2.960838e-01
5.045549e-01 3.362443e-01 2.589732e-01 1.401760e+00
5.117938e-01 3.410540e-01 1.051469e-01 -1.777374e-01
5.069463e-01 3.025946e-01 2.252161e-01 1.919120e-02
5.021065e-01 3.295278e-01 1.737743e-01 1.659191e-01
5.046795e-01 3.052406e-01 1.878146e-01 4.120906e-01
5.005208e-01 3.245930e-01 1.466862e-01 3.662133e-01
5.008314e-01 3.178518e-01 2.459132e-01 -1.742427e-01
5.041867e-01 3.103092e-01 2.272979e-01 5.516694e-01
5.084811e-01 3.208847e-01 2.912307e-01 1.320996e-01
5.080187e-01 3.233618e-01 1.538263e-01 3.750364e-01
5.106725e-01 3.322859e-01 3.023092e-01 4.401622e-01
5.074100e-01 3.052072e-01 2.422531e-01 6.072715e-01
5.044635e-01 3.131235e-01 1.413110e-01 1.609295e-01
5.049956e-01 3.057962e-01 2.211104e-01 9.983031e-01
5.114034e-01 3.348100e-01 2.894565e-01 3.088181e-01
5.054846e-01 3.226914e-01 2.122592e-01 3.272389e-01
5.082023e-01 3.045454e-01 2.249464e-01 -7.040964e-02
5.026537e-01 3.086579e-01 2.281047e-01 6.415111e-02
5.099212e-01 3.339726e-01 2.693479e-01 1.014015e+01
5.071833e-01 3.268319e-01 1.653362e-01 7.267607e-02
5.048768e-01 3.135719e-01 2.921116e-01 2.971660e-01
5.054338e-01 3.111934e-01 1.499662e-01 -1.504785e-01
5.077409e-01 3.195229e-01 1.718546e-01 2.960886e-01
5.090152e-01 3.196338e-01 2.722684e-01 2.264473e-01
5.140317e-01 3.121425e-01 2.346677e-01 1.461259e+00
5.067061e-01 3.298634e-01 3.032483e-01 -1.540552e-01
5.110629e-01 3.125507e-01 3.103275e-01 -2.975062e-01
5.059669e-01 3.147537e-01 1.638331e-01 2.892841e-01
5.075499e-01 3.176834e-01 1.699762e-01 2.110799e-01
5.000180e-01 3.204853e-01 2.978003e-01 -7.012974e-02
5.093433e-01 3.167861e-01 2.120458e-01 9.219912e-02
5.123961e-01 3.270114e-01 2.681569e-01 2.181543e-01
4.992845e-01 3.214921e-01 2.565148e-01 -1.867217e-01
5.037078e-01 3.232762e-01 1.378761e-01 1.100459e+00
5.060052e-01 3.280222e-01 2.093788e-01 5.215586e-01
5.136268e-01 3.327179e-01 3.285373e-01 2.042176e+00
5.120310e-01 3.208424e-01 3.005042e-01 -1.133316e-01
5.128152e-01 3.176840e-01 1.665285e-01 1.060301e+00
5.115020e-01 3.129189e-01 2.453610e-01 7.384143e-01
5.049212e-01 3.038985e-01 3.903918e-01 1.861721e+00
5.090265e-01 3.116664e-01 2.780094e-01 2.335555e-01
5.053059e-01 3.058645e-01 3.021382e-01 2.168849e-01
5.042323e-01 3.123409e-01 1.737564e-01 5.373386e-02
5.108885e-01 3.109687e-01 3.213955e-01 2.587249e+00
5.054052e-01 3.302342e-01 2.664381e-01 4.827990e-02
5.052445e-01 3.240705e-01 1.703443e-01 2.421558e-01
5.122191e-01 3.372229e-01 3.394939e-01 1.090520e+00
4.953488e-01 3.033941e-01 1.956398e-01 3.930438e-01
5.087662e-01 3.180086e-01 2.128778e-01 2.414968e-01
5.058738e-01 3.084419e-01 2.443140e-01 3.757325e-01
5.060706e-01 3.157190e-01 1.927323e-01 3.373977e-01
5.087216e-01 3.182540e-01 1.473428e-01 2.522287e-01
5.076169e-01 3.028745e-01 2.858692e-01 1.051510e+00
5.110686e-01 3.321366e-01 2.822255e-01 -4.022485e-01
5.031201e-01 2.992589e-01 2.608014e-01 -2.720409e-02
5.063956e-01 3.092118e-01 2.226733e-01 1.620064e-01
5.079594e-01 3.200619e-01 2.362043e-01 -1.618790e-01
5.076816e-01 3.201200e-01 1.822204e-01 1.177519e+00
5.017705e-01 3.086765e-01 2.606476e-01 -3.264518e-01
5.053358e-01 3.147490e-01 2.895845e-01 -1.786167e-01
5.122653e-01 3.085328e-01 2.223726e-01 5.446376e-01
5.085235e-01 3.384253e-01 2.527965e-01 -3.674067e-01
5.052624e-01 3.131147e-01 2.911304e-01 -2.289328e-01
5.043571e-01 3.287356e-01 2.038202e-01 -4.859177e-01
5.052724e-01 3.179892e-01 1.696453e-01 -3.670018e-01
5.076695e-01 3.295412e-01 2.392068e-01 -1.639917e-02
5.073387e-01 3.335449e-01 2.849287e-01 -3.520423e-01
5.012534e-01 3.194181e-01 2.646110e-01 -7.808532e-02
5.167829e-01 3.433995e-01 2.461018e-01 2.374105e-01
5.084681e-01 3.255306e-01 3.187110e-01 3.736019e-01
5.130473e-01 3.324299e-01 2.204624e-01 1.108001e+00
5.098188e-01 2.994633e-01 2.861030e-01 1.804950e+00
5.049564e-01 3.095870e-01 1.983519e-01 3.728320e-01
5.080097e-01 3.272557e-01 2.229001e-01 6.978705e-01
5.098531e-01 3.277827e-01 2.520181e-01 -5.469019e-01
5.058822e-01 3.341259e-01 1.814816e-01 6.509162e-01
5.086493e-01 3.227516e-01 2.173439e-01 3.485721e-01
5.016435e-01 3.128347e-01 2.269789e-01 2.085827e-01
5.085804e-01 3.255872e-01 2.077659e-01 6.489165e-02
5.035811e-01 3.079621e-01 2.399072e-01 -1.329114e-01
5.077040e-01 3.008300e-01 2.733569e-01 -1.595555e-01
5.048623e-01 3.028455e-01 2.529445e-01 -1.835862e-01
5.056175e-01 3.189778e-01 2.110856e-01 -3.847129e-01
5.113388e-01 3.223133e-01 1.706051e-01 -1.869779e-01
5.093587e-01 3.164067e-01 2.317836e-01 5.305534e-01
5.078252e-01 2.991498e-01 1.441592e-01 -1.393550e-01
5.080402e-01 3.210714e-01 1.893506e-01 5.547457e-01
5.063509e-01 3.219607e-01 2.636472e-01 1.761160e-01
5.057263e-01 3.184589e-01 1.489377e-01 2.416681e-01
5.046763e-01 3.043233e-01 2.987233e-01 2.524603e-01
5.016017e-01 3.051953e-01 2.380119e-01 2.588834e-01
5.067291e-01 3.159863e-01 2.439052e-01 1.462682e+00
5.127910e-01 3.067716e-01 2.728178e-01 5.756405e-01
5.079867e-01 3.244620e-01 2.274345e-01 3.121392e+00
5.113135e-01 3.278402e-01 1.652910e-01 1.732838e-01
5.125678e-01 3.211058e-01 1.476897e-01 5.030500e-01
5.081695e-01 3.216022e-01 3.159275e-01 4.282058e-01
5.098119e-01 3.283332e-01 2.062528e-01 2.862859e-01
4.994478e-01 3.029333e-01 2.357519e-01 1.543748e-01
5.017243e-01 3.033921e-01 1.370599e-01 2.374930e-01
5.077735e-01 2.989736e-01 1.797740e-01 8.725793e-01
5.049277e-01 3.263005e-01 1.501024e-01 7.835863e-02
5.081308e-01 3.205256e-01 1.850243e-01 5.339963e-01
5.080858e-01 3.304369e-01 2.329058e-01 -6.077264e-01
5.053750e-01 3.165091e-01 2.525180e-01 7.151142e-02
5.050935e-01 3.248478e-01 2.416824e-01 4.481624e-02
5.035423e-01 2.946919e-01 2.138724e-01 2.372939e+00
5.047810e-01 3.138335e-01 1.440087e-01 -1.988455e-01
5.041708e-01 3.173160e-01 1.340154e-01 1.761125e-01
5.106224e-01 3.235045e-01 3.157772e-01 2.115785e-01
5.122112e-01 3.203444e-01 2.148845e-01 6.929091e-01
5.077173e-01 3.341232e-01 1.988913e-01 2.711112e-01
5.059711e-01 3.119232e-01 2.308302e-01 1.384555e-01
5.130784e-01 3.184102e-01 1.236433e-01 9.347731e-02
5.068118e-01 3.165121e-01 1.987279e-01 3.398444e-01
5.110680e-01 3.140041e-01 1.976891e-01 -5.961230e-03
5.083352e-01 3.176929e-01 2.369659e-01 -3.770241e-01
5.083950e-01 3.169213e-01 1.731205e-01 -1.165427e-01
5.060684e-01 3.137309e-01 1.037792e-01 2.166318e-01
5.091121e-01 3.359669e-01 2.913033e-01 -1.567245e-01
5.073102e-01 3.069650e-01 2.293992e-01 2.887090e-01
5.096268e-01 3.320732e-01 2.356860e-01 7.054119e-02
5.071950e-01 3.177256e-01 2.950604e-01 1.505696e+00
5.084535e-01 3.224348e-01 2.605030e-01 2.260518e-01
5.078429e-01 3.078853e-01 2.003429e-01 1.073773e+00
5.112359e-01 3.300722e-01 2.866965e-01 2.552680e-01
5.034321e-01 3.066681e-01 1.780024e-01 -1.027274e-01
5.062292e-01 3.268866e-01 1.855318e-01 -2.976341e-02
5.029753e-01 3.243666e-01 1.664946e-01 -5.661380e-02
5.033952e-01 2.962949e-01 1.556747e-01 6.796192e-01
5.064657e-01 3.156511e-01 3.197733e-01 3.180609e-01
5.083962e-01 3.205513e-01 1.895015e-01 4.633132e-01
5.096009e-01 3.237962e-01 1.376499e-01 -5.635464e-02
5.056261e-01 3.187545e-01 1.767745e-01 1.193462e-01
5.085596e-01 3.031750e-01 2.291267e-01 1.883333e-01
5.070238e-01 3.164187e-01 2.354248e-01 2.070765e-01
5.093032e-01 3.268844e-01 2.330502e-01 1.071986e+00
5.133717e-01 3.326060e-01 2.247853e-01 8.921442e-01
5.049630e-01 3.023304e-01 2.535094e-01 4.869421e-01
5.054341e-01 3.201974e-01 1.598112e-01 -4.363977e-01
5.093471e-01 3.206581e-01 1.471182e-01 2.960152e-01
5.032163e-01 3.148643e-01 2.513803e-01 2.755620e-01
5.136001e-01 3.245966e-01 3.069049e-01 2.817867e-01
5.076454e-01 3.155524e-01 2.729847e-01 5.370308e-01
5.091820e-01 3.115255e-01 2.641945e-01 3.663210e-01
5.045122e-01 3.250439e-01 2.889807e-01 5.748614e-01
5.094918e-01 3.206005e-01 1.813303e-01 4.646640e-01
5.024101e-01 3.005320e-01 1.441123e-01 1.574580e-01
5.024423e-01 3.059138e-01 1.976771e-01 3.742514e-01
5.084783e-01 3.230297e-01 2.320532e-01 2.344811e-01
5.044854e-01 3.097867e-01 2.151776e-01 6.952951e-01
5.110386e-01 3.316752e-01 3.133027e-01 9.269740e-02
5.043838e-01 3.043665e-01 2.044244e-01 -nan
5.080425e-01 3.147657e-01 1.944523e-01 6.078451e-01
5.153335e-01 3.378115e-01 2.304428e-01 4.202001e-01
4.969609e-01 2.857581e-01 1.471162e-01 3.733551e-01
5.111517e-01 3.223157e-01 2.057190e-01 -4.022949e-01
5.082407e-01 3.228058e-01 2.220329e-01 1.726579e-01
5.072841e-01 3.258967e-01 2.985390e-01 1.028621e+00
5.033749e-01 3.192885e-01 2.717334e-01 7.397446e-01
5.125843e-01 3.171139e-01 4.077859e-01 -2.275519e-01
5.059678e-01 3.083885e-01 1.913880e-01 1.716728e-01
5.079662e-01 3.172587e-01 2.479514e-01 1.275940e+00
5.059991e-01 3.192882e-01 2.251852e-01 1.042103e+00
5.108602e-01 3.343385e-01 2.192614e-01 -5.387491e-01
5.079473e-01 3.168221e-01 1.754978e-01 1.625765e+00
4.994039e-01 3.141353e-01 1.911308e-01 1.536402e-01
5.013264e-01 3.105434e-01 1.917008e-01 -2.850665e-01
5.082959e-01 3.161788e-01 2.559867e-01 -2.912762e-02
5.051543e-01 3.160570e-01 1.642980e-01 2.600194e+00
5.046328e-01 3.257117e-01 1.941470e-01 -2.062942e-01
5.112819e-01 3.434288e-01 1.817898e-01 1.739414e+00
5.074460e-01 3.055478e-01 3.043929e-01 2.877893e-01
5.076810e-01 3.281430e-01 2.122890e-01 3.883409e+00
5.104833e-01 3.087261e-01 2.313997e-01 6.196669e-01
5.075977e-01 3.259424e-01 1.089103e-01 -4.434358e-02
5.085178e-01 2.963590e-01 1.809407e-01 8.238421e-02
5.058796e-01 3.185639e-01 2.462621e-01 1.010804e+00
4.990928e-01 3.109257e-01 2.243969e-01 7.039526e-02
5.028699e-01 3.016886e-01 3.036417e-01 4.618628e-02
5.104867e-01 3.214820e-01 1.647878e-01 9.927514e-02
