PARAMETERS
L              10
DIM            4
beta           1.000000
ntherm         5000
nsweep         50000
naccu          50
END PARAMETERS
1.403852e+00
1.422458e+00
1.414321e+00
1.404384e+00
1.428581e+00
1.416193e+00
1.410179e+00
1.400159e+00
1.412550e+00
1.413119e+00
1.422380e+00
1.412344e+00
1.414882e+00
1.403519e+00
1.425783e+00
1.437685e+00
1.431622e+00
1.403837e+00
1.412779e+00
1.417754e+00
1.406331e+00
1.407747e+00
1.422113e+00
1.416594e+00
1.412389e+00
1.408546e+00
1.411835e+00
1.405061e+00
1.416755e+00
1.413984e+00
1.406997e+00
1.420646e+00
1.411974e+00
1.400454e+00
1.397537e+00
1.419122e+00
1.422207e+00
1.420699e+00
1.413341e+00
1.407460e+00
1.414347e+00
1.427426e+00
1.398563e+00
1.412309e+00
1.412895e+00
1.408542e+00
1.419689e+00
1.413736e+00
1.407379e+00
1.426240e+00
1.400964e+00
1.406571e+00
1.419403e+00
1.405689e+00
1.404092e+00
1.405796e+00
1.415943e+00
1.407999e+00
1.418609e+00
1.416583e+00
1.410649e+00
1.402207e+00
1.396845e+00
1.415788e+00
1.411206e+00
1.416108e+00
1.419622e+00
1.417510e+00
1.394359e+00
1.409805e+00
1.419826e+00
1.412681e+00
1.412005e+00
1.424597e+00
1.415764e+00
1.402410e+00
1.403255e+00
1.417091e+00
1.419624e+00
1.399300e+00
1.413279e+00
1.432118e+00
1.411228e+00
1.410711e+00
1.423524e+00
1.421100e+00
1.418233e+00
1.410433e+00
1.410377e+00
1.425079e+00
1.425137e+00
1.407815e+00
1.424273e+00
1.427891e+00
1.409354e+00
1.399859e+00
1.414404e+00
1.412997e+00
1.406403e+00
1.421058e+00
1.430391e+00
1.414971e+00
1.412384e+00
1.412078e+00
1.403995e+00
1.415817e+00
1.416942e+00
1.407329e+00
1.414374e+00
1.426812e+00
1.409721e+00
1.415854e+00
1.408103e+00
1.420684e+00
1.418301e+00
1.415932e+00
1.420558e+00
1.410570e+00
1.417101e+00
1.416220e+00
1.421088e+00
1.416130e+00
1.414307e+00
1.410529e+00
1.424994e+00
1.410305e+00
1.414538e+00
1.413698e+00
1.404461e+00
1.410611e+00
1.423257e+00
1.395513e+00
1.409709e+00
1.421067e+00
1.421646e+00
1.415656e+00
1.419385e+00
1.430754e+00
1.425840e+00
1.416173e+00
1.436988e+00
1.416222e+00
1.423162e+00
1.420216e+00
1.413428e+00
1.415055e+00
1.418685e+00
1.417013e+00
1.403939e+00
1.421162e+00
1.402402e+00
1.419325e+00
1.407981e+00
1.411583e+00
1.395411e+00
1.412364e+00
1.414521e+00
1.404285e+00
1.403897e+00
1.415843e+00
1.415140e+00
1.419795e+00
1.407628e+00
1.407294e+00
1.416072e+00
1.406601e+00
1.415544e+00
1.408430e+00
1.408457e+00
1.408778e+00
1.425405e+00
1.407045e+00
1.430536e+00
1.421602e+00
1.401224e+00
1.401254e+00
1.424092e+00
1.402734e+00
1.395824e+00
1.422278e+00
1.425107e+00
1.412884e+00
1.404917e+00
1.414650e+00
1.405128e+00
1.420669e+00
1.409161e+00
1.421126e+00
1.423879e+00
1.426036e+00
1.424051e+00
1.405722e+00
1.434308e+00
1.407108e+00
1.414476e+00
1.411297e+00
1.409588e+00
1.420871e+00
1.423108e+00
1.417841e+00
1.421235e+00
1.409889e+00
1.415496e+00
1.411594e+00
1.420060e+00
1.395531e+00
1.408737e+00
1.412341e+00
1.421518e+00
1.418270e+00
1.412126e+00
1.396309e+00
1.411716e+00
1.409331e+00
1.420596e+00
1.414832e+00
1.421935e+00
1.424937e+00
1.416065e+00
1.411344e+00
1.403942e+00
1.412606e+00
1.424776e+00
1.402944e+00
1.418607e+00
1.416722e+00
1.406993e+00
1.414757e+00
1.419947e+00
1.423991e+00
1.418886e+00
1.410877e+00
1.415205e+00
1.418384e+00
1.411729e+00
1.410012e+00
1.400302e+00
1.405368e+00
1.405285e+00
1.420935e+00
1.416872e+00
1.409145e+00
1.425861e+00
1.417726e+00
1.403044e+00
1.400729e+00
1.401506e+00
1.416461e+00
1.420146e+00
1.417809e+00
1.419955e+00
1.409137e+00
1.416092e+00
1.413142e+00
1.416096e+00
1.407334e+00
1.419217e+00
1.423818e+00
1.418627e+00
1.409806e+00
1.420699e+00
1.418570e+00
1.416458e+00
1.411177e+00
1.404243e+00
1.411362e+00
1.400974e+00
1.416206e+00
1.402247e+00
1.408914e+00
1.429235e+00
1.415636e+00
1.411774e+00
1.411557e+00
1.406125e+00
1.404018e+00
1.408027e+00
1.414907e+00
1.417754e+00
1.412202e+00
1.421829e+00
1.416004e+00
1.405477e+00
1.420087e+00
1.403500e+00
1.402984e+00
1.427354e+00
1.427175e+00
1.429051e+00
1.416218e+00
1.409554e+00
1.426037e+00
1.415541e+00
1.406660e+00
1.410379e+00
1.414564e+00
1.408017e+00
1.418327e+00
1.419760e+00
1.407895e+00
1.419818e+00
1.424057e+00
1.410937e+00
1.417242e+00
1.420176e+00
1.412622e+00
1.407839e+00
1.414054e+00
1.414931e+00
1.407259e+00
1.412825e+00
1.412587e+00
1.408104e+00
1.429081e+00
1.416612e+00
1.418119e+00
1.417811e+00
1.419514e+00
1.426238e+00
1.410601e+00
1.410900e+00
1.423806e+00
1.414643e+00
1.407101e+00
1.415742e+00
1.429420e+00
1.421341e+00
1.416679e+00
1.399002e+00
1.418845e+00
1.429858e+00
1.412715e+00
1.416193e+00
1.414553e+00
1.399187e+00
1.420677e+00
1.401452e+00
1.411995e+00
1.400459e+00
1.412099e+00
1.429443e+00
1.422337e+00
1.402498e+00
1.422346e+00
1.414769e+00
1.404193e+00
1.409821e+00
1.419067e+00
1.420091e+00
1.415510e+00
1.410677e+00
1.407339e+00
1.405194e+00
1.415081e+00
1.398990e+00
1.410068e+00
1.402193e+00
1.400860e+00
1.404229e+00
1.420695e+00
1.416010e+00
1.416007e+00
1.407213e+00
1.399993e+00
1.419146e+00
1.406055e+00
1.397675e+00
1.409578e+00
1.418716e+00
1.422389e+00
1.425072e+00
1.421443e+00
1.419869e+00
1.414121e+00
1.410273e+00
1.422281e+00
1.422260e+00
1.423209e+00
1.414617e+00
1.405903e+00
1.407886e+00
1.396501e+00
1.426194e+00
1.420145e+00
1.422360e+00
1.418949e+00
1.422591e+00
1.401931e+00
1.413410e+00
1.415825e+00
1.404447e+00
1.407321e+00
1.402934e+00
1.404945e+00
1.433772e+00
1.428147e+00
1.417832e+00
1.405915e+00
1.416743e+00
1.416862e+00
1.425687e+00
1.410982e+00
1.405154e+00
1.427084e+00
1.422094e+00
1.416461e+00
1.402881e+00
1.417930e+00
1.408601e+00
1.414165e+00
1.427499e+00
1.417617e+00
1.414915e+00
1.414478e+00
1.404003e+00
1.418127e+00
1.424233e+00
1.414823e+00
1.416952e+00
1.413563e+00
1.425011e+00
1.420351e+00
1.422519e+00
1.422157e+00
1.415990e+00
1.429109e+00
1.413287e+00
1.418729e+00
1.407695e+00
1.417929e+00
1.416526e+00
1.414518e+00
1.406155e+00
1.402165e+00
1.409674e+00
1.417009e+00
1.407903e+00
1.423012e+00
1.422169e+00
1.408753e+00
1.412650e+00
1.416452e+00
1.418520e+00
1.417940e+00
1.423100e+00
1.424018e+00
1.407442e+00
1.415681e+00
1.409134e+00
1.410479e+00
1.411159e+00
1.416885e+00
1.419356e+00
1.420330e+00
1.414366e+00
1.401564e+00
1.406989e+00
1.409269e+00
1.413977e+00
1.413104e+00
1.410359e+00
1.414371e+00
1.405657e+00
1.417700e+00
1.417309e+00
1.413566e+00
1.420584e+00
1.417608e+00
1.414936e+00
1.418112e+00
1.396962e+00
1.414020e+00
1.409309e+00
1.412162e+00
1.412067e+00
1.406665e+00
1.429877e+00
1.409961e+00
1.404424e+00
1.407398e+00
1.431022e+00
1.418194e+00
1.416578e+00
1.419340e+00
1.411600e+00
1.398736e+00
1.415731e+00
1.412015e+00
1.413120e+00
1.436459e+00
1.410309e+00
1.423683e+00
1.438597e+00
1.406802e+00
1.419127e+00
1.412085e+00
1.418224e+00
1.409322e+00
1.399711e+00
1.409688e+00
1.422938e+00
1.415611e+00
1.399752e+00
1.416946e+00
1.414639e+00
1.409025e+00
1.410791e+00
1.419968e+00
1.422332e+00
1.426287e+00
1.409448e+00
1.416421e+00
1.421837e+00
1.417157e+00
1.400450e+00
1.407167e+00
1.416120e+00
1.421440e+00
1.410552e+00
1.412544e+00
1.412619e+00
1.421232e+00
1.407625e+00
1.420143e+00
1.396270e+00
1.418762e+00
1.408930e+00
1.417515e+00
1.408871e+00
1.417127e+00
1.415635e+00
1.428788e+00
1.398117e+00
1.405781e+00
1.410619e+00
1.413358e+00
1.408604e+00
1.412709e+00
1.412483e+00
1.414283e+00
1.438426e+00
1.415816e+00
1.410397e+00
1.400466e+00
1.417234e+00
1.408516e+00
1.403761e+00
1.417065e+00
1.419269e+00
1.418146e+00
1.416073e+00
1.416490e+00
1.417090e+00
1.428643e+00
1.414678e+00
1.420400e+00
1.415574e+00
1.428849e+00
1.422180e+00
1.411497e+00
1.427690e+00
1.406984e+00
1.408647e+00
1.430148e+00
1.419975e+00
1.405927e+00
1.402530e+00
1.408788e+00
1.402518e+00
1.420996e+00
1.423367e+00
1.417975e+00
1.423952e+00
1.419418e+00
1.416273e+00
1.415540e+00
1.423864e+00
1.409648e+00
1.416263e+00
1.407164e+00
1.409797e+00
1.406765e+00
1.424705e+00
1.421590e+00
1.419987e+00
1.411286e+00
1.411759e+00
1.412988e+00
1.427275e+00
1.418259e+00
1.406985e+00
1.412510e+00
1.407362e+00
1.412546e+00
1.413122e+00
1.420202e+00
1.411033e+00
1.420635e+00
1.412139e+00
1.416539e+00
1.414314e+00
1.409408e+00
1.425113e+00
1.419445e+00
1.418480e+00
1.404954e+00
1.409901e+00
1.421560e+00
1.418468e+00
1.423291e+00
1.426516e+00
1.419061e+00
1.394031e+00
1.403371e+00
1.420021e+00
1.421842e+00
1.412165e+00
1.410880e+00
1.426758e+00
1.408411e+00
1.413001e+00
1.429631e+00
1.411646e+00
1.413875e+00
1.424838e+00
1.405742e+00
1.411155e+00
1.420262e+00
1.408401e+00
1.416044e+00
1.417645e+00
1.400734e+00
1.412648e+00
1.414991e+00
1.419758e+00
1.418666e+00
1.405126e+00
1.406118e+00
1.428944e+00
1.430657e+00
1.410574e+00
1.422242e+00
1.423131e+00
1.415295e+00
1.412134e+00
1.426170e+00
1.414959e+00
1.414249e+00
1.394316e+00
1.414082e+00
1.411599e+00
1.416499e+00
1.414292e+00
1.420278e+00
1.411633e+00
1.423066e+00
1.412873e+00
1.400888e+00
1.419472e+00
1.428573e+00
1.424954e+00
1.409615e+00
1.413346e+00
1.409879e+00
1.417048e+00
1.409182e+00
1.427565e+00
1.414205e+00
1.422586e+00
1.415480e+00
1.420466e+00
1.390578e+00
1.415106e+00
1.425050e+00
1.423174e+00
1.402445e+00
1.411816e+00
1.421210e+00
1.420411e+00
1.403648e+00
1.424122e+00
1.418946e+00
1.420556e+00
1.410792e+00
1.426362e+00
1.410793e+00
1.423459e+00
1.420780e+00
1.416827e+00
1.424038e+00
1.411534e+00
1.414863e+00
1.408637e+00
1.408079e+00
1.425816e+00
1.410820e+00
1.405379e+00
1.418996e+00
1.423408e+00
1.408528e+00
1.409800e+00
1.422225e+00
1.405907e+00
1.409373e+00
1.418833e+00
1.417739e+00
1.415046e+00
1.411617e+00
1.408426e+00
1.415450e+00
1.413398e+00
1.409608e+00
1.424508e+00
1.401980e+00
1.404254e+00
1.412100e+00
1.406796e+00
1.425205e+00
1.409055e+00
1.420341e+00
1.406252e+00
1.404850e+00
1.414947e+00
1.414771e+00
1.419086e+00
1.415879e+00
1.409911e+00
1.420780e+00
1.396676e+00
1.395357e+00
1.422005e+00
1.423089e+00
1.414984e+00
1.421726e+00
1.424522e+00
1.428062e+00
1.419058e+00
1.424939e+00
1.423720e+00
1.413344e+00
1.415176e+00
1.418700e+00
1.418150e+00
1.416129e+00
1.420295e+00
1.400789e+00
1.413966e+00
1.422752e+00
1.408925e+00
1.403828e+00
1.421343e+00
1.422221e+00
1.412083e+00
1.419074e+00
1.407602e+00
1.409399e+00
1.409872e+00
1.412621e+00
1.408567e+00
1.398499e+00
1.411928e+00
1.421058e+00
1.418698e+00
1.407890e+00
1.423504e+00
1.410752e+00
1.423332e+00
1.426937e+00
1.428224e+00
1.414490e+00
1.407690e+00
1.411563e+00
1.414364e+00
1.428226e+00
1.416526e+00
1.415799e+00
1.423484e+00
1.411604e+00
1.417966e+00
1.421662e+00
1.419266e+00
1.419671e+00
1.410784e+00
1.405280e+00
1.402643e+00
1.404681e+00
1.418739e+00
1.412461e+00
1.428211e+00
1.418292e+00
1.409452e+00
1.409308e+00
1.414450e+00
1.404491e+00
1.439706e+00
1.411125e+00
1.416278e+00
1.428561e+00
1.413714e+00
1.413933e+00
1.420170e+00
1.410834e+00
1.411234e+00
1.420033e+00
1.392757e+00
1.428493e+00
1.405951e+00
1.398073e+00
1.413528e+00
1.415555e+00
1.409280e+00
1.418501e+00
1.413157e+00
1.418270e+00
1.422849e+00
1.411008e+00
1.409782e+00
1.406226e+00
1.407960e+00
1.419489e+00
1.413515e+00
1.393030e+00
1.427941e+00
1.422538e+00
1.416533e+00
1.413309e+00
1.422132e+00
1.405892e+00
1.422093e+00
1.411995e+00
1.402192e+00
1.417296e+00
1.405220e+00
1.406789e+00
1.421429e+00
1.415988e+00
1.415686e+00
1.408422e+00
1.428788e+00
1.402286e+00
1.431815e+00
1.419230e+00
1.430662e+00
1.403494e+00
1.418996e+00
1.410017e+00
1.410547e+00
1.420063e+00
1.409914e+00
1.413424e+00
1.412463e+00
1.417082e+00
1.400423e+00
1.421768e+00
1.410774e+00
1.404343e+00
1.405261e+00
1.414743e+00
1.420274e+00
1.416762e+00
1.424930e+00
1.422080e+00
1.412350e+00
1.429920e+00
1.399406e+00
1.416005e+00
1.404611e+00
1.416310e+00
1.427223e+00
1.430895e+00
1.430643e+00
1.414682e+00
1.400862e+00
1.422857e+00
1.414478e+00
1.416740e+00
1.420999e+00
1.410573e+00
1.420234e+00
1.423625e+00
1.411058e+00
1.420962e+00
1.418998e+00
1.408422e+00
1.415059e+00
1.418795e+00
1.413709e+00
1.419134e+00
1.416673e+00
1.417134e+00
1.401209e+00
1.399720e+00
1.405254e+00
1.432490e+00
1.425804e+00
1.411347e+00
1.411740e+00
1.419444e+00
1.407740e+00
1.428717e+00
1.431642e+00
1.412945e+00
1.409518e+00
1.407958e+00
1.401530e+00
1.407059e+00
1.412327e+00
1.415389e+00
1.413196e+00
1.418851e+00
1.412011e+00
1.406755e+00
1.397981e+00
1.411367e+00
1.414358e+00
1.402069e+00
1.421956e+00
1.410387e+00
1.418764e+00
1.402425e+00
1.400982e+00
1.415994e+00
1.414509e+00
1.418782e+00
1.404133e+00
1.410293e+00
1.414917e+00
1.406173e+00
1.437998e+00
1.419130e+00
1.415907e+00
1.413266e+00
1.410140e+00
1.396561e+00
1.405422e+00
1.418586e+00
1.416385e+00
1.419390e+00
1.414521e+00
1.418149e+00
1.412587e+00
1.414289e+00
1.427608e+00
1.419247e+00
1.413985e+00
1.407389e+00
1.417311e+00
1.425950e+00
1.410949e+00
1.407300e+00
1.399477e+00
1.419826e+00
1.416076e+00
1.406545e+00
1.416739e+00
1.414076e+00
1.407239e+00
1.410685e+00
1.430934e+00
1.424255e+00
1.398901e+00
1.409518e+00
1.409339e+00
1.413830e+00
1.410617e+00
1.403660e+00
1.399841e+00
1.411423e+00
1.400633e+00
1.407945e+00
1.415867e+00
1.420353e+00
1.404435e+00
1.414944e+00
1.414253e+00
1.415039e+00
1.417317e+00
1.402729e+00
1.411935e+00
1.404168e+00
1.429336e+00
1.419099e+00
1.414180e+00
1.410817e+00
1.418392e+00
1.402611e+00
1.420879e+00
1.421880e+00
1.419165e+00
1.419267e+00
1.404502e+00
1.411523e+00
1.418213e+00
1.411747e+00
1.421595e+00
1.431398e+00
1.402964e+00
1.407828e+00
1.422852e+00
1.415813e+00
