PARAMETERS
L              10
DIM            4
beta           0.800000
ntherm         5000
nsweep         50000
naccu          50
END PARAMETERS
1.627942e+00
1.621245e+00
1.623670e+00
1.633794e+00
1.643926e+00
1.629801e+00
1.634723e+00
1.650785e+00
1.617101e+00
1.610862e+00
1.623211e+00
1.640591e+00
1.629804e+00
1.651044e+00
1.641109e+00
1.612649e+00
1.630940e+00
1.611780e+00
1.619872e+00
1.614355e+00
1.624296e+00
1.634671e+00
1.634640e+00
1.632658e+00
1.619703e+00
1.602424e+00
1.616655e+00
1.617008e+00
1.635794e+00
1.636192e+00
1.635164e+00
1.659163e+00
1.634828e+00
1.650778e+00
1.631347e+00
1.627472e+00
1.637559e+00
1.636665e+00
1.644230e+00
1.633440e+00
1.640415e+00
1.608787e+00
1.636769e+00
1.640364e+00
1.617272e+00
1.620559e+00
1.612834e+00
1.632428e+00
1.635752e+00
1.636779e+00
1.621809e+00
1.642662e+00
1.630943e+00
1.634561e+00
1.623167e+00
1.633677e+00
1.631113e+00
1.621693e+00
1.613965e+00
1.623846e+00
1.626460e+00
1.632084e+00
1.640169e+00
1.652452e+00
1.619751e+00
1.613712e+00
1.617745e+00
1.634048e+00
1.618628e+00
1.615655e+00
1.633457e+00
1.642540e+00
1.621489e+00
1.626075e+00
1.645060e+00
1.618543e+00
1.631099e+00
1.647677e+00
1.623347e+00
1.622283e+00
1.647800e+00
1.631202e+00
1.629328e+00
1.627165e+00
1.638376e+00
1.629069e+00
1.635454e+00
1.616475e+00
1.637970e+00
1.638279e+00
1.638597e+00
1.621134e+00
1.635772e+00
1.630226e+00
1.651888e+00
1.622906e+00
1.646186e+00
1.631530e+00
1.623722e+00
1.615059e+00
1.641582e+00
1.643019e+00
1.636961e+00
1.626269e+00
1.639432e+00
1.631421e+00
1.634823e+00
1.621448e+00
1.624694e+00
1.611433e+00
1.612048e+00
1.623516e+00
1.619474e+00
1.640495e+00
1.644726e+00
1.633399e+00
1.627427e+00
1.616419e+00
1.625316e+00
1.638361e+00
1.624612e+00
1.636766e+00
1.650173e+00
1.632241e+00
1.638004e+00
1.619913e+00
1.641546e+00
1.623757e+00
1.635462e+00
1.620518e+00
1.625350e+00
1.615175e+00
1.640160e+00
1.620703e+00
1.631408e+00
1.639794e+00
1.627805e+00
1.629291e+00
1.635602e+00
1.640610e+00
1.621733e+00
1.646374e+00
1.620988e+00
1.635129e+00
1.638572e+00
1.631136e+00
1.621196e+00
1.635312e+00
1.632523e+00
1.641792e+00
1.640732e+00
1.633341e+00
1.616979e+00
1.642003e+00
1.643245e+00
1.632317e+00
1.648936e+00
1.635780e+00
1.615764e+00
1.651673e+00
1.633508e+00
1.629516e+00
1.635335e+00
1.645034e+00
1.624497e+00
1.626176e+00
1.622117e+00
1.628965e+00
1.614250e+00
1.625957e+00
1.630997e+00
1.635540e+00
1.613662e+00
1.629835e+00
1.629780e+00
1.626508e+00
1.633912e+00
1.631279e+00
1.605293e+00
1.634459e+00
1.629107e+00
1.618949e+00
1.622018e+00
1.627924e+00
1.639343e+00
1.620257e+00
1.619625e+00
1.623482e+00
1.625950e+00
1.635318e+00
1.636070e+00
1.625443e+00
1.628002e+00
1.641720e+00
1.649805e+00
1.622879e+00
1.633583e+00
1.635539e+00
1.647543e+00
1.630587e+00
1.628015e+00
1.631932e+00
1.618737e+00
1.635988e+00
1.625399e+00
1.633169e+00
1.636216e+00
1.635527e+00
1.612997e+00
1.646619e+00
1.623616e+00
1.645445e+00
1.629253e+00
1.628507e+00
1.623363e+00
1.637768e+00
1.628560e+00
1.620035e+00
1.625591e+00
1.634724e+00
1.620744e+00
1.644243e+00
1.634420e+00
1.638469e+00
1.628087e+00
1.638483e+00
1.642789e+00
1.633151e+00
1.634969e+00
1.621829e+00
1.624017e+00
1.635241e+00
1.658725e+00
1.625319e+00
1.627557e+00
1.634961e+00
1.633836e+00
1.638797e+00
1.615857e+00
1.626212e+00
1.636910e+00
1.633989e+00
1.635978e+00
1.628974e+00
1.619641e+00
1.635840e+00
1.642874e+00
1.630759e+00
1.634830e+00
1.622023e+00
1.633364e+00
1.638796e+00
1.627505e+00
1.637206e+00
1.613774e+00
1.623712e+00
1.642249e+00
1.613378e+00
1.638723e+00
1.624436e+00
1.632755e+00
1.633777e+00
1.608092e+00
1.617896e+00
1.629344e+00
1.649370e+00
1.625070e+00
1.624398e+00
1.635632e+00
1.622429e+00
1.635836e+00
1.642501e+00
1.635276e+00
1.623545e+00
1.629643e+00
1.631471e+00
1.626851e+00
1.620196e+00
1.645988e+00
1.642460e+00
1.648044e+00
1.622375e+00
1.616083e+00
1.619690e+00
1.616746e+00
1.637233e+00
1.643164e+00
1.651249e+00
1.615839e+00
1.619263e+00
1.629090e+00
1.634950e+00
1.649300e+00
1.631703e+00
1.637780e+00
1.631033e+00
1.642224e+00
1.631783e+00
1.618135e+00
1.633946e+00
1.639185e+00
1.621513e+00
1.626991e+00
1.644609e+00
1.630092e+00
1.619368e+00
1.612863e+00
1.631378e+00
1.622660e+00
1.643978e+00
1.642187e+00
1.630283e+00
1.626621e+00
1.640723e+00
1.654298e+00
1.639856e+00
1.621792e+00
1.629179e+00
1.633910e+00
1.633322e+00
1.629779e+00
1.626672e+00
1.626448e+00
1.637114e+00
1.605059e+00
1.625149e+00
1.646999e+00
1.618537e+00
1.623821e+00
1.641628e+00
1.625403e+00
1.627885e+00
1.637825e+00
1.628974e+00
1.628563e+00
1.651824e+00
1.629763e+00
1.637617e+00
1.615549e+00
1.617251e+00
1.626799e+00
1.628416e+00
1.629086e+00
1.628258e+00
1.604085e+00
1.632438e+00
1.614303e+00
1.637524e+00
1.627794e+00
1.648452e+00
1.637644e+00
1.616948e+00
1.622205e+00
1.640721e+00
1.636405e+00
1.632681e+00
1.650419e+00
1.635655e+00
1.649796e+00
1.627601e+00
1.619634e+00
1.650658e+00
1.622224e+00
1.628933e+00
1.633448e+00
1.617801e+00
1.620879e+00
1.637831e+00
1.622825e+00
1.639354e+00
1.631684e+00
1.639647e+00
1.614605e+00
1.626716e+00
1.630186e+00
1.627282e+00
1.622391e+00
1.614482e+00
1.638629e+00
1.615484e+00
1.627608e+00
1.636753e+00
1.614792e+00
1.636084e+00
1.641134e+00
1.620176e+00
1.634963e+00
1.631458e+00
1.628092e+00
1.639593e+00
1.619833e+00
1.632830e+00
1.631320e+00
1.627009e+00
1.642243e+00
1.636856e+00
1.614204e+00
1.631718e+00
1.631228e+00
1.633174e+00
1.641722e+00
1.608728e+00
1.624482e+00
1.612394e+00
1.619957e+00
1.627574e+00
1.637223e+00
1.626308e+00
1.618153e+00
1.611482e+00
1.650440e+00
1.628927e+00
1.616627e+00
1.628191e+00
1.648220e+00
1.645292e+00
1.636421e+00
1.630988e+00
1.612924e+00
1.650321e+00
1.637424e+00
1.638616e+00
1.613906e+00
1.628625e+00
1.633972e+00
1.631856e+00
1.637377e+00
1.625464e+00
1.636106e+00
1.643154e+00
1.624845e+00
1.615840e+00
1.626842e+00
1.639567e+00
1.639512e+00
1.631854e+00
1.632592e+00
1.637947e+00
1.627543e+00
1.615875e+00
1.630612e+00
1.631698e+00
1.621786e+00
1.648269e+00
1.629298e+00
1.627427e+00
1.643217e+00
1.617058e+00
1.636690e+00
1.623764e+00
1.623361e+00
1.639836e+00
1.634269e+00
1.620700e+00
1.624156e+00
1.626896e+00
1.625209e+00
1.650764e+00
1.630018e+00
1.634238e+00
1.642081e+00
1.621337e+00
1.624905e+00
1.646490e+00
1.644290e+00
1.630269e+00
1.623842e+00
1.632474e+00
1.616260e+00
1.626767e+00
1.625881e+00
1.634712e+00
1.646605e+00
1.641915e+00
1.619312e+00
1.621263e+00
1.625816e+00
1.638936e+00
1.632447e+00
1.623137e+00
1.641633e+00
1.629888e+00
1.633984e+00
1.625234e+00
1.613060e+00
1.641903e+00
1.630847e+00
1.623712e+00
1.619867e+00
1.640726e+00
1.642729e+00
1.640094e+00
1.613784e+00
1.623082e+00
1.637774e+00
1.621142e+00
1.620976e+00
1.624682e+00
1.645121e+00
1.645810e+00
1.627800e+00
1.622625e+00
1.629855e+00
1.619237e+00
1.615086e+00
1.619808e+00
1.630520e+00
1.628061e+00
1.622333e+00
1.639829e+00
1.635741e+00
1.620408e+00
1.638351e+00
1.644110e+00
1.629254e+00
1.620127e+00
1.627597e+00
1.606537e+00
1.616509e+00
1.624135e+00
1.631038e+00
1.621817e+00
1.636238e+00
1.607581e+00
1.637391e+00
1.637769e+00
1.595385e+00
1.621703e+00
1.629340e+00
1.657210e+00
1.624157e+00
1.630702e+00
1.631742e+00
1.632708e+00
1.619292e+00
1.625508e+00
1.634429e+00
1.624133e+00
1.634665e+00
1.635342e+00
1.633815e+00
1.630659e+00
1.627256e+00
1.639057e+00
1.618431e+00
1.621061e+00
1.642442e+00
1.619956e+00
1.624870e+00
1.629945e+00
1.630682e+00
1.632048e+00
1.651313e+00
1.625350e+00
1.632676e+00
1.626975e+00
1.629551e+00
1.621797e+00
1.617981e+00
1.632952e+00
1.633903e+00
1.610283e+00
1.639227e+00
1.607406e+00
1.643490e+00
1.624715e+00
1.634921e+00
1.622135e+00
1.636128e+00
1.641579e+00
1.637246e+00
1.647405e+00
1.634545e+00
1.642853e+00
1.635638e+00
1.629692e+00
1.630254e+00
1.624535e+00
1.631722e+00
1.645931e+00
1.652289e+00
1.642824e+00
1.617382e+00
1.637983e+00
1.614959e+00
1.638520e+00
1.628114e+00
1.627627e+00
1.635097e+00
1.632108e+00
1.623230e+00
1.634412e+00
1.634775e+00
1.621404e+00
1.626759e+00
1.617558e+00
1.638063e+00
1.608971e+00
1.613074e+00
1.629768e+00
1.629907e+00
1.639411e+00
1.623198e+00
1.630764e+00
1.629219e+00
1.619435e+00
1.631859e+00
1.632060e+00
1.630754e+00
1.632815e+00
1.644292e+00
1.636125e+00
1.631586e+00
1.637501e+00
1.631398e+00
1.632513e+00
1.636497e+00
1.613330e+00
1.637012e+00
1.618502e+00
1.637349e+00
1.633403e+00
1.625033e+00
1.623592e+00
1.641889e+00
1.636139e+00
1.626798e+00
1.612796e+00
1.638468e+00
1.639788e+00
1.636406e+00
1.617363e+00
1.632741e+00
1.640119e+00
1.639991e+00
1.619872e+00
1.622992e+00
1.631111e+00
1.616088e+00
1.624571e+00
1.634377e+00
1.630099e+00
1.640952e+00
1.630800e+00
1.630353e+00
1.624423e+00
1.646303e+00
1.625346e+00
1.624469e+00
1.635026e+00
1.621220e+00
1.612886e+00
1.644315e+00
1.613447e+00
1.634663e+00
1.618261e+00
1.624377e+00
1.620986e+00
1.613685e+00
1.632401e+00
1.628861e+00
1.631449e+00
1.616262e+00
1.629560e+00
1.627847e+00
1.633961e+00
1.634109e+00
1.636577e+00
1.614330e+00
1.611872e+00
1.624232e+00
1.636779e+00
1.627558e+00
1.621824e+00
1.628490e+00
1.622666e+00
1.655348e+00
1.617365e+00
1.629012e+00
1.634062e+00
1.637858e+00
1.624821e+00
1.619263e+00
1.624206e+00
1.640520e+00
1.631201e+00
1.613700e+00
1.626082e+00
1.637261e+00
1.644305e+00
1.636711e+00
1.646944e+00
1.621851e+00
1.619957e+00
1.610098e+00
1.626840e+00
1.618820e+00
1.621479e+00
1.618984e+00
1.623378e+00
1.630920e+00
1.645514e+00
1.629604e+00
1.640387e+00
1.623314e+00
1.618044e+00
1.614131e+00
1.630583e+00
1.627978e+00
1.651294e+00
1.644868e+00
1.631253e+00
1.627865e+00
1.623125e+00
1.624777e+00
1.643227e+00
1.644222e+00
1.628722e+00
1.628176e+00
1.636749e+00
1.626831e+00
1.628245e+00
1.635624e+00
1.640807e+00
1.644153e+00
1.640257e+00
1.633192e+00
1.636610e+00
1.655344e+00
1.634170e+00
1.621145e+00
1.631575e+00
1.641078e+00
1.636166e+00
1.647883e+00
1.635181e+00
1.621021e+00
1.628630e+00
1.635506e+00
1.641242e+00
1.618429e+00
1.612850e+00
1.634760e+00
1.627462e+00
1.626525e+00
1.624698e+00
1.635257e+00
1.624761e+00
1.632789e+00
1.634368e+00
1.639951e+00
1.627349e+00
1.627506e+00
1.632987e+00
1.632756e+00
1.642585e+00
1.629387e+00
1.640965e+00
1.630509e+00
1.639843e+00
1.622213e+00
1.638097e+00
1.614514e+00
1.623084e+00
1.629842e+00
1.624036e+00
1.638733e+00
1.619415e+00
1.635351e+00
1.643495e+00
1.626770e+00
1.611997e+00
1.626621e+00
1.633689e+00
1.616860e+00
1.629837e+00
1.630197e+00
1.635877e+00
1.631875e+00
1.630978e+00
1.649452e+00
1.641383e+00
1.618104e+00
1.646829e+00
1.633471e+00
1.627060e+00
1.622118e+00
1.636388e+00
1.625933e+00
1.636634e+00
1.621130e+00
1.620816e+00
1.619250e+00
1.625569e+00
1.627411e+00
1.651507e+00
1.633502e+00
1.631065e+00
1.644932e+00
1.612008e+00
1.612619e+00
1.624349e+00
1.616868e+00
1.638988e+00
1.625697e+00
1.623198e+00
1.614906e+00
1.621104e+00
1.631599e+00
1.626396e+00
1.636689e+00
1.615838e+00
1.636843e+00
1.623903e+00
1.637643e+00
1.630834e+00
1.623856e+00
1.635856e+00
1.617136e+00
1.638654e+00
1.622253e+00
1.629543e+00
1.636677e+00
1.640474e+00
1.624982e+00
1.623217e+00
1.622983e+00
1.632342e+00
1.623036e+00
1.625366e+00
1.643179e+00
1.623399e+00
1.629286e+00
1.634226e+00
1.610416e+00
1.620926e+00
1.633413e+00
1.635199e+00
1.640230e+00
1.635513e+00
1.635890e+00
1.637490e+00
1.626412e+00
1.645773e+00
1.633530e+00
1.651172e+00
1.648122e+00
1.614300e+00
1.624041e+00
1.612751e+00
1.644736e+00
1.621898e+00
1.627156e+00
1.622047e+00
1.636390e+00
1.619992e+00
1.625466e+00
1.630944e+00
1.631368e+00
1.615073e+00
1.649377e+00
1.634738e+00
1.637981e+00
1.626851e+00
1.641052e+00
1.634185e+00
1.632973e+00
1.632012e+00
1.631121e+00
1.617679e+00
1.625794e+00
1.617741e+00
1.657547e+00
1.643721e+00
1.625947e+00
1.622202e+00
1.612323e+00
1.632964e+00
1.634470e+00
1.632718e+00
1.636785e+00
1.632407e+00
1.642841e+00
1.632135e+00
1.613617e+00
1.635849e+00
1.618260e+00
1.634006e+00
1.626996e+00
1.633878e+00
1.625725e+00
1.641208e+00
1.638144e+00
1.632137e+00
1.622959e+00
1.643590e+00
1.614768e+00
1.642235e+00
1.629723e+00
1.633871e+00
1.647753e+00
1.620018e+00
1.613835e+00
1.647596e+00
1.644746e+00
1.640692e+00
1.632328e+00
1.636658e+00
1.634637e+00
1.629749e+00
1.638637e+00
1.653797e+00
1.617164e+00
1.639288e+00
1.616607e+00
1.637231e+00
1.640247e+00
1.635547e+00
1.645592e+00
1.619058e+00
1.622031e+00
1.627946e+00
1.641807e+00
1.630180e+00
1.638621e+00
1.635656e+00
1.614969e+00
1.645549e+00
1.634740e+00
1.612855e+00
1.614538e+00
1.625872e+00
1.628964e+00
1.618356e+00
1.647132e+00
1.650597e+00
1.623205e+00
1.625682e+00
1.628132e+00
1.608649e+00
1.626086e+00
1.625510e+00
1.627248e+00
1.619296e+00
1.627318e+00
1.625495e+00
1.622362e+00
1.627687e+00
1.617259e+00
1.621326e+00
1.623610e+00
1.622656e+00
1.632189e+00
1.629429e+00
1.628530e+00
1.629589e+00
1.641125e+00
1.630077e+00
1.636553e+00
1.615745e+00
1.638582e+00
1.664706e+00
1.620197e+00
1.634706e+00
1.618228e+00
1.653813e+00
1.636934e+00
1.623045e+00
1.626616e+00
1.630996e+00
1.629042e+00
1.622448e+00
1.643190e+00
1.638329e+00
1.635343e+00
1.621826e+00
1.633862e+00
1.624876e+00
1.647656e+00
1.635109e+00
1.629851e+00
1.630155e+00
1.621048e+00
1.636201e+00
1.634554e+00
1.633077e+00
1.644476e+00
1.611383e+00
1.627432e+00
1.631546e+00
1.629515e+00
1.622641e+00
1.622290e+00
1.642127e+00
1.612158e+00
1.614220e+00
1.610439e+00
1.628562e+00
1.620123e+00
1.631853e+00
