PARAMETERS
L              10
DIM            4
beta           0.600000
ntherm         5000
nsweep         50000
naccu          50
END PARAMETERS
1.926787e+00
1.905052e+00
1.904224e+00
1.896418e+00
1.911845e+00
1.913040e+00
1.904524e+00
1.900213e+00
1.921358e+00
1.898900e+00
1.890897e+00
1.895679e+00
1.906392e+00
1.935560e+00
1.898677e+00
1.920193e+00
1.896191e+00
1.890384e+00
1.901800e+00
1.917017e+00
1.904390e+00
1.908827e+00
1.900412e+00
1.887904e+00
1.901749e+00
1.903477e+00
1.919308e+00
1.937363e+00
1.896751e+00
1.928579e+00
1.929968e+00
1.903660e+00
1.913885e+00
1.931307e+00
1.919850e+00
1.915911e+00
1.884533e+00
1.904970e+00
1.894066e+00
1.902135e+00
1.898956e+00
1.937738e+00
1.930844e+00
1.944478e+00
1.901048e+00
1.932009e+00
1.918803e+00
1.898352e+00
1.912441e+00
1.911426e+00
1.933676e+00
1.919830e+00
1.898207e+00
1.905705e+00
1.927168e+00
1.893756e+00
1.917753e+00
1.931364e+00
1.922011e+00
1.920328e+00
1.897344e+00
1.910982e+00
1.908827e+00
1.916448e+00
1.907370e+00
1.907931e+00
1.911271e+00
1.907487e+00
1.902437e+00
1.914218e+00
1.899782e+00
1.931755e+00
1.910815e+00
1.907820e+00
1.919741e+00
1.908135e+00
1.905730e+00
1.904586e+00
1.910995e+00
1.924326e+00
1.925830e+00
1.910892e+00
1.901591e+00
1.895005e+00
1.908635e+00
1.910617e+00
1.907440e+00
1.915101e+00
1.881034e+00
1.902311e+00
1.898624e+00
1.893945e+00
1.923708e+00
1.917761e+00
1.939813e+00
1.920353e+00
1.901795e+00
1.928855e+00
1.885209e+00
1.902172e+00
1.922347e+00
1.913855e+00
1.926806e+00
1.924151e+00
1.904410e+00
1.882704e+00
1.909918e+00
1.894993e+00
1.910330e+00
1.927604e+00
1.902093e+00
1.913410e+00
1.914381e+00
1.906119e+00
1.917752e+00
1.899956e+00
1.915731e+00
1.915939e+00
1.946537e+00
1.916236e+00
1.896934e+00
1.923850e+00
1.893005e+00
1.920324e+00
1.919742e+00
1.920882e+00
1.918973e+00
1.933682e+00
1.913215e+00
1.925717e+00
1.913849e+00
1.931572e+00
1.904851e+00
1.900377e+00
1.918302e+00
1.917859e+00
1.903209e+00
1.915617e+00
1.913819e+00
1.909541e+00
1.905851e+00
1.915479e+00
1.928484e+00
1.904839e+00
1.907046e+00
1.911979e+00
1.902388e+00
1.915667e+00
1.909512e+00
1.913118e+00
1.893503e+00
1.904138e+00
1.900871e+00
1.910063e+00
1.909935e+00
1.929144e+00
1.907329e+00
1.912991e+00
1.888089e+00
1.931830e+00
1.934283e+00
1.907808e+00
1.905456e+00
1.918930e+00
1.909142e+00
1.904027e+00
1.912128e+00
1.926835e+00
1.908457e+00
1.917286e+00
1.906660e+00
1.901329e+00
1.902037e+00
1.943147e+00
1.909945e+00
1.898848e+00
1.894590e+00
1.908645e+00
1.902721e+00
1.914180e+00
1.902869e+00
1.930275e+00
1.918408e+00
1.905471e+00
1.909894e+00
1.909634e+00
1.907928e+00
1.888202e+00
1.917325e+00
1.903200e+00
1.924888e+00
1.909622e+00
1.884531e+00
1.904370e+00
1.925103e+00
1.926767e+00
1.892626e+00
1.912968e+00
1.902709e+00
1.903155e+00
1.897276e+00
1.913992e+00
1.940331e+00
1.897070e+00
1.926748e+00
1.909642e+00
1.902397e+00
1.931569e+00
1.891269e+00
1.925980e+00
1.931740e+00
1.917668e+00
1.889868e+00
1.914893e+00
1.888117e+00
1.937957e+00
1.918162e+00
1.894743e+00
1.899686e+00
1.900044e+00
1.908748e+00
1.915213e+00
1.915750e+00
1.896694e+00
1.918474e+00
1.922413e+00
1.894016e+00
1.913884e+00
1.914417e+00
1.919999e+00
1.908830e+00
1.926260e+00
1.908509e+00
1.915406e+00
1.913070e+00
1.919016e+00
1.920227e+00
1.892308e+00
1.917200e+00
1.900893e+00
1.910086e+00
1.915550e+00
1.922509e+00
1.927396e+00
1.919770e+00
1.916514e+00
1.894396e+00
1.903693e+00
1.907647e+00
1.899835e+00
1.927833e+00
1.914760e+00
1.903573e+00
1.900698e+00
1.898509e+00
1.915759e+00
1.903687e+00
1.898381e+00
1.913885e+00
1.923006e+00
1.917190e+00
1.908241e+00
1.934214e+00
1.901193e+00
1.920256e+00
1.900962e+00
1.896387e+00
1.908393e+00
1.912914e+00
1.902274e+00
1.899828e+00
1.880418e+00
1.904618e+00
1.909808e+00
1.928795e+00
1.910166e+00
1.931965e+00
1.897811e+00
1.891001e+00
1.901760e+00
1.912002e+00
1.899621e+00
1.915471e+00
1.918107e+00
1.899898e+00
1.897943e+00
1.908643e+00
1.915182e+00
1.883723e+00
1.915858e+00
1.934402e+00
1.914705e+00
1.914601e+00
1.905832e+00
1.905402e+00
1.910942e+00
1.916605e+00
1.924659e+00
1.920151e+00
1.911853e+00
1.916458e+00
1.907288e+00
1.894638e+00
1.910079e+00
1.874083e+00
1.921481e+00
1.911826e+00
1.934429e+00
1.895652e+00
1.921835e+00
1.893761e+00
1.916610e+00
1.916900e+00
1.908405e+00
1.882662e+00
1.911003e+00
1.903126e+00
1.902616e+00
1.934443e+00
1.930110e+00
1.914613e+00
1.915145e+00
1.911736e+00
1.918736e+00
1.908835e+00
1.886439e+00
1.889860e+00
1.892075e+00
1.915098e+00
1.912481e+00
1.921404e+00
1.903936e+00
1.916080e+00
1.907473e+00
1.903676e+00
1.920216e+00
1.927727e+00
1.902344e+00
1.919475e+00
1.920908e+00
1.886374e+00
1.901178e+00
1.929572e+00
1.913078e+00
1.900054e+00
1.899938e+00
1.921702e+00
1.921184e+00
1.903400e+00
1.919645e+00
1.924249e+00
1.905335e+00
1.920916e+00
1.924067e+00
1.919674e+00
1.930776e+00
1.928805e+00
1.900840e+00
1.895263e+00
1.933674e+00
1.918013e+00
1.914518e+00
1.897387e+00
1.896944e+00
1.905568e+00
1.901530e+00
1.896312e+00
1.908004e+00
1.926577e+00
1.906279e+00
1.878142e+00
1.913847e+00
1.920923e+00
1.923026e+00
1.931263e+00
1.932774e+00
1.909580e+00
1.919417e+00
1.921499e+00
1.895322e+00
1.907556e+00
1.918590e+00
1.919251e+00
1.920354e+00
1.909903e+00
1.914548e+00
1.910861e+00
1.892544e+00
1.910808e+00
1.923240e+00
1.924683e+00
1.904317e+00
1.915228e+00
1.916767e+00
1.943584e+00
1.938516e+00
1.893073e+00
1.886937e+00
1.886800e+00
1.919241e+00
1.909673e+00
1.928115e+00
1.916478e+00
1.919583e+00
1.922587e+00
1.879496e+00
1.880039e+00
1.915392e+00
1.911081e+00
1.910734e+00
1.921203e+00
1.903175e+00
1.903137e+00
1.913571e+00
1.926677e+00
1.904472e+00
1.920616e+00
1.905660e+00
1.901038e+00
1.903380e+00
1.898427e+00
1.905700e+00
1.907144e+00
1.915074e+00
1.913605e+00
1.888443e+00
1.917142e+00
1.918482e+00
1.910654e+00
1.914538e+00
1.905512e+00
1.909816e+00
1.930716e+00
1.913006e+00
1.916986e+00
1.904493e+00
1.927238e+00
1.906795e+00
1.916495e+00
1.913721e+00
1.929209e+00
1.912174e+00
1.915313e+00
1.915740e+00
1.913203e+00
1.871005e+00
1.917067e+00
1.904310e+00
1.899783e+00
1.908057e+00
1.878052e+00
1.882834e+00
1.909525e+00
1.907342e+00
1.912019e+00
1.915115e+00
1.909860e+00
1.910751e+00
1.889758e+00
1.910517e+00
1.873722e+00
1.891488e+00
1.931930e+00
1.921585e+00
1.908442e+00
1.895686e+00
1.920253e+00
1.913609e+00
1.880360e+00
1.922235e+00
1.927732e+00
1.912933e+00
1.899641e+00
1.900583e+00
1.906202e+00
1.941449e+00
1.915434e+00
1.899970e+00
1.912653e+00
1.919353e+00
1.913527e+00
1.906020e+00
1.923286e+00
1.904717e+00
1.924456e+00
1.904143e+00
1.920421e+00
1.907971e+00
1.913917e+00
1.905341e+00
1.909576e+00
1.910986e+00
1.924641e+00
1.882344e+00
1.909688e+00
1.887447e+00
1.911866e+00
1.890807e+00
1.910324e+00
1.900763e+00
1.908641e+00
1.909797e+00
1.914631e+00
1.917830e+00
1.878548e+00
1.907319e+00
1.906972e+00
1.906078e+00
1.910679e+00
1.900273e+00
1.915234e+00
1.893247e+00
1.902265e+00
1.887708e+00
1.922998e+00
1.907232e+00
1.932779e+00
1.893304e+00
1.914717e+00
1.915181e+00
1.891815e+00
1.917360e+00
1.905844e+00
1.912873e+00
1.930038e+00
1.885574e+00
1.921191e+00
1.904554e+00
1.924211e+00
1.909478e+00
1.913157e+00
1.926608e+00
1.919967e+00
1.910786e+00
1.917405e+00
1.906962e+00
1.913492e+00
1.921101e+00
1.908859e+00
1.918296e+00
1.912527e+00
1.935584e+00
1.907697e+00
1.906141e+00
1.916543e+00
1.865965e+00
1.938938e+00
1.934765e+00
1.914464e+00
1.930574e+00
1.902805e+00
1.928124e+00
1.913578e+00
1.912772e+00
1.923695e+00
1.888570e+00
1.919109e+00
1.922998e+00
1.908597e+00
1.925594e+00
1.913157e+00
1.919232e+00
1.929590e+00
1.902566e+00
1.915349e+00
1.915813e+00
1.912071e+00
1.921956e+00
1.920407e+00
1.906723e+00
1.930766e+00
1.929474e+00
1.934863e+00
1.904450e+00
1.910924e+00
1.907317e+00
1.925129e+00
1.897725e+00
1.901082e+00
1.898491e+00
1.902516e+00
1.911534e+00
1.924894e+00
1.933079e+00
1.912138e+00
1.890136e+00
1.923823e+00
1.928597e+00
1.911479e+00
1.918036e+00
1.929113e+00
1.909774e+00
1.916273e+00
1.912834e+00
1.918200e+00
1.908014e+00
1.911464e+00
1.890233e+00
1.885807e+00
1.908716e+00
1.892038e+00
1.913806e+00
1.894534e+00
1.906360e+00
1.916672e+00
1.924351e+00
1.908277e+00
1.915416e+00
1.925444e+00
1.891755e+00
1.919557e+00
1.906854e+00
1.908787e+00
1.928890e+00
1.909208e+00
1.922675e+00
1.906131e+00
1.940048e+00
1.931546e+00
1.930171e+00
1.896200e+00
1.894358e+00
1.936115e+00
1.892001e+00
1.927074e+00
1.894605e+00
1.913906e+00
1.888501e+00
1.899987e+00
1.925908e+00
1.903877e+00
1.897499e+00
1.944298e+00
1.908718e+00
1.907776e+00
1.901517e+00
1.907497e+00
1.910614e+00
1.879511e+00
1.891415e+00
1.884045e+00
1.936599e+00
1.929873e+00
1.905037e+00
1.905631e+00
1.906134e+00
1.914427e+00
1.934078e+00
1.896209e+00
1.915768e+00
1.906152e+00
1.904745e+00
1.894618e+00
1.921980e+00
1.925113e+00
1.914253e+00
1.908658e+00
1.911639e+00
1.934446e+00
1.931330e+00
1.916458e+00
1.928070e+00
1.925229e+00
1.902458e+00
1.902211e+00
1.897293e+00
1.907211e+00
1.912698e+00
1.925873e+00
1.925298e+00
1.900919e+00
1.915358e+00
1.923417e+00
1.883184e+00
1.897154e+00
1.898825e+00
1.904698e+00
1.929116e+00
1.900254e+00
1.917022e+00
1.914865e+00
1.875551e+00
1.909972e+00
1.916088e+00
1.901488e+00
1.890639e+00
1.895422e+00
1.901851e+00
1.931398e+00
1.916561e+00
1.905597e+00
1.917653e+00
1.915841e+00
1.888390e+00
1.899993e+00
1.906072e+00
1.923558e+00
1.880720e+00
1.912723e+00
1.899934e+00
1.943339e+00
1.933247e+00
1.903738e+00
1.925410e+00
1.912426e+00
1.919883e+00
1.923852e+00
1.894990e+00
1.929731e+00
1.911691e+00
1.896903e+00
1.910291e+00
1.907118e+00
1.914957e+00
1.934460e+00
1.902210e+00
1.896800e+00
1.921499e+00
1.919543e+00
1.900053e+00
1.898237e+00
1.902253e+00
1.893380e+00
1.923165e+00
1.910170e+00
1.898590e+00
1.930838e+00
1.908141e+00
1.931066e+00
1.904083e+00
1.929124e+00
1.907253e+00
1.912147e+00
1.918578e+00
1.899162e+00
1.917870e+00
1.928094e+00
1.910696e+00
1.931313e+00
1.937042e+00
1.921210e+00
1.923078e+00
1.917787e+00
1.906294e+00
1.893891e+00
1.915163e+00
1.941359e+00
1.903246e+00
1.868582e+00
1.891678e+00
1.922049e+00
1.912519e+00
1.900320e+00
1.913679e+00
1.894602e+00
1.903790e+00
1.915810e+00
1.897938e+00
1.901806e+00
1.915743e+00
1.923922e+00
1.900755e+00
1.921791e+00
1.947994e+00
1.886457e+00
1.903094e+00
1.905483e+00
1.919152e+00
1.894551e+00
1.892362e+00
1.900447e+00
1.908592e+00
1.917575e+00
1.894170e+00
1.906144e+00
1.903585e+00
1.883521e+00
1.935134e+00
1.904883e+00
1.899372e+00
1.910419e+00
1.912506e+00
1.903367e+00
1.890391e+00
1.915905e+00
1.910187e+00
1.902117e+00
1.918840e+00
1.906399e+00
1.888069e+00
1.927955e+00
1.927911e+00
1.905523e+00
1.914404e+00
1.912769e+00
1.909947e+00
1.897381e+00
1.895865e+00
1.897103e+00
1.913846e+00
1.906922e+00
1.916617e+00
1.927844e+00
1.929830e+00
1.918651e+00
1.913491e+00
1.920908e+00
1.910781e+00
1.898773e+00
1.901694e+00
1.896943e+00
1.903941e+00
1.890784e+00
1.897854e+00
1.935748e+00
1.923074e+00
1.911865e+00
1.899595e+00
1.928083e+00
1.911420e+00
1.928120e+00
1.918643e+00
1.903731e+00
1.910951e+00
1.899765e+00
1.913504e+00
1.900578e+00
1.910729e+00
1.906293e+00
1.885227e+00
1.937839e+00
1.888310e+00
1.873712e+00
1.901294e+00
1.876424e+00
1.905138e+00
1.932741e+00
1.931862e+00
1.907180e+00
1.924454e+00
1.897842e+00
1.894716e+00
1.929617e+00
1.904295e+00
1.920144e+00
1.927168e+00
1.936699e+00
1.914543e+00
1.928626e+00
1.891092e+00
1.939995e+00
1.914211e+00
1.921973e+00
1.901529e+00
1.908535e+00
1.927442e+00
1.900986e+00
1.924889e+00
1.894817e+00
1.909488e+00
1.882726e+00
1.895803e+00
1.927943e+00
1.903536e+00
1.895687e+00
1.898004e+00
1.901892e+00
1.920463e+00
1.913528e+00
1.869956e+00
1.914709e+00
1.903392e+00
1.935079e+00
1.902481e+00
1.920040e+00
1.926243e+00
1.911651e+00
1.931546e+00
1.893675e+00
1.911610e+00
1.922360e+00
1.914400e+00
1.896342e+00
1.917455e+00
1.903921e+00
1.874811e+00
1.936635e+00
1.929297e+00
1.940918e+00
1.915130e+00
1.916303e+00
1.910773e+00
1.911848e+00
1.904680e+00
1.915792e+00
1.908291e+00
1.918921e+00
1.890637e+00
1.930002e+00
1.921060e+00
1.902862e+00
1.901625e+00
1.918292e+00
1.919389e+00
1.914797e+00
1.899351e+00
1.901490e+00
1.930941e+00
1.890936e+00
1.922308e+00
1.904383e+00
1.896254e+00
1.920333e+00
1.916027e+00
1.914763e+00
1.902276e+00
1.904807e+00
1.902279e+00
1.904655e+00
1.910721e+00
1.914644e+00
1.912212e+00
1.886469e+00
1.927134e+00
1.898753e+00
1.887637e+00
1.917210e+00
1.892533e+00
1.909533e+00
1.894785e+00
1.906096e+00
1.918588e+00
1.919593e+00
1.917623e+00
1.909232e+00
1.894223e+00
1.924466e+00
1.925475e+00
1.903912e+00
1.907724e+00
1.906428e+00
1.897437e+00
1.922738e+00
1.912911e+00
1.891382e+00
1.879924e+00
1.893088e+00
1.887624e+00
1.916306e+00
1.898843e+00
1.903423e+00
1.927621e+00
1.909211e+00
1.901853e+00
1.902275e+00
1.914604e+00
1.916282e+00
1.886259e+00
1.912389e+00
1.911544e+00
1.908538e+00
1.912352e+00
1.896775e+00
1.901285e+00
1.930304e+00
1.916060e+00
1.902921e+00
1.915040e+00
1.921460e+00
1.917199e+00
1.901010e+00
1.926317e+00
1.898110e+00
1.883301e+00
1.905844e+00
1.920665e+00
1.901859e+00
1.923863e+00
1.896602e+00
1.912740e+00
1.923836e+00
1.924018e+00
1.908311e+00
1.900699e+00
1.903800e+00
1.914989e+00
1.892819e+00
1.911015e+00
1.927482e+00
1.908112e+00
1.937046e+00
1.907848e+00
1.893691e+00
1.909385e+00
1.935882e+00
1.909940e+00
1.908974e+00
1.905911e+00
1.928678e+00
1.906755e+00
