PARAMETERS
L              10
DIM            4
beta           2.500000
ntherm         5000
nsweep         50000
naccu          50
END PARAMETERS
4.285243e-01 2.217656e-01 1.240778e-01 -4.175933e-02
4.246502e-01 2.075580e-01 1.059205e-01 1.136253e-02
4.240349e-01 2.076461e-01 1.256286e-01 1.200675e-01
4.261420e-01 2.094168e-01 9.227498e-02 -7.487304e-02
4.252165e-01 2.116857e-01 1.194665e-01 4.306708e-02
4.240449e-01 2.043286e-01 1.008059e-01 1.321150e-01
4.291688e-01 2.123120e-01 1.215239e-01 5.990712e-02
4.303980e-01 2.250436e-01 9.245753e-02 -1.492290e-02
4.240107e-01 2.164762e-01 1.135674e-01 8.248332e-02
4.274432e-01 2.205793e-01 1.219819e-01 1.013514e-01
4.310513e-01 2.162463e-01 1.029330e-01 3.677768e-02
4.305164e-01 2.148045e-01 1.320430e-01 8.592453e-02
4.328725e-01 2.058048e-01 1.335515e-01 1.575326e-01
4.261250e-01 2.252683e-01 8.519517e-02 1.747644e-01
4.243428e-01 2.122731e-01 9.391921e-02 1.090194e-01
4.260099e-01 2.085324e-01 1.199392e-01 2.896508e-02
4.310653e-01 2.045646e-01 9.982478e-02 1.894966e-01
4.307665e-01 2.100293e-01 9.799809e-02 1.052627e-01
4.270626e-01 2.138438e-01 1.316912e-01 -6.803120e-02
4.281276e-01 2.145383e-01 1.465184e-01 3.023274e-02
4.276326e-01 2.295527e-01 1.022403e-01 2.174423e-01
4.262699e-01 2.131436e-01 9.494205e-02 1.727836e-01
4.324693e-01 2.159260e-01 1.024213e-01 3.648964e-02
4.260647e-01 2.173648e-01 7.968195e-02 1.160260e-02
4.288618e-01 2.263617e-01 1.420946e-01 -4.619447e-02
4.282696e-01 2.212702e-01 8.839288e-02 9.521904e-02
4.284834e-01 2.125021e-01 9.086951e-02 1.188300e-01
4.282691e-01 2.203446e-01 1.370419e-01 5.022636e-02
4.316999e-01 2.171347e-01 1.374574e-01 1.369037e-02
4.321948e-01 2.309596e-01 9.959503e-02 -4.018691e-03
4.336729e-01 2.108879e-01 1.258948e-01 1.227207e-01
4.272459e-01 2.284162e-01 1.092363e-01 -1.725448e-02
4.285502e-01 2.175995e-01 1.205286e-01 9.942066e-02
4.316621e-01 2.191031e-01 1.047511e-01 5.864266e-02
4.224999e-01 2.122704e-01 9.861786e-02 3.502154e-02
4.244411e-01 2.102749e-01 1.538013e-01 -3.397680e-02
4.292787e-01 2.069331e-01 1.022106e-01 7.106989e-02
4.288792e-01 2.129972e-01 9.746877e-02 9.702549e-02
4.282593e-01 2.078967e-01 9.858088e-02 3.239807e-02
4.268657e-01 2.036252e-01 1.289284e-01 4.397121e-02
4.299765e-01 2.112919e-01 1.353365e-01 7.189649e-02
4.270823e-01 2.100307e-01 1.038686e-01 1.904282e-01
4.269413e-01 2.100001e-01 9.059518e-02 5.814507e-02
4.276949e-01 2.125155e-01 1.157063e-01 -1.825961e-02
4.219652e-01 2.164970e-01 1.198199e-01 4.988139e-02
4.274593e-01 2.186931e-01 1.239515e-01 1.747139e-01
4.344954e-01 2.243753e-01 1.302207e-01 3.026972e-01
4.332808e-01 2.027385e-01 1.118018e-01 1.018639e-02
4.300011e-01 2.053305e-01 1.057091e-01 2.047783e-01
4.334592e-01 2.201239e-01 1.193697e-01 4.036333e-03
4.300590e-01 2.144469e-01 1.149459e-01 2.165570e-01
4.263887e-01 2.085908e-01 1.265763e-01 -2.042564e-02
4.286197e-01 2.148901e-01 1.127246e-01 2.407660e-01
4.261828e-01 2.093642e-01 1.175919e-01 -2.192747e-03
4.276467e-01 2.179272e-01 9.401087e-02 -3.582691e-02
4.255106e-01 2.127668e-01 1.121451e-01 -5.094957e-02
4.287572e-01 2.286583e-01 8.154925e-02 6.713741e-02
4.253787e-01 2.114415e-01 1.375453e-01 -5.531569e-03
4.255420e-01 2.162094e-01 8.608561e-02 -8.171206e-02
4.317313e-01 2.170401e-01 1.155195e-01 -6.190839e-03
4.254917e-01 1.974667e-01 1.295060e-01 7.299245e-02
4.342717e-01 2.226089e-01 1.128281e-01 7.186847e-02
4.256383e-01 2.090951e-01 1.216918e-01 -1.002309e-01
4.283029e-01 2.183577e-01 9.849060e-02 -1.449561e-02
4.248449e-01 2.249337e-01 1.118613e-01 -6.552936e-03
4.238431e-01 2.095327e-01 1.016863e-01 1.810980e-02
4.261797e-01 2.146361e-01 1.041638e-01 8.876902e-02
4.295456e-01 2.065134e-01 8.009806e-02 4.837755e-02
4.265979e-01 2.264886e-01 8.804145e-02 3.613287e-02
4.250563e-01 2.201936e-01 1.554420e-01 -3.068257e-02
4.262290e-01 2.111590e-01 1.057966e-01 1.630044e-02
4.285277e-01 2.166396e-01 1.211456e-01 1.033182e-01
4.271855e-01 2.319472e-01 8.572410e-02 1.750230e-01
4.289254e-01 2.128360e-01 8.811986e-02 4.614393e-02
4.299423e-01 2.139962e-01 1.188558e-01 -5.406915e-02
4.306995e-01 2.133898e-01 1.223540e-01 3.386146e-02
4.244917e-01 2.179810e-01 1.206859e-01 1.491800e-01
4.308679e-01 2.094991e-01 1.428440e-01 6.069391e-02
4.244070e-01 2.028314e-01 1.358350e-01 5.566422e-02
4.261633e-01 2.070375e-01 1.450293e-01 8.068748e-02
4.213525e-01 2.046702e-01 9.076076e-02 1.560909e-02
4.232157e-01 2.048291e-01 1.134480e-01 1.218433e-01
4.251261e-01 2.116171e-01 9.226834e-02 -4.543069e-02
4.260535e-01 2.236283e-01 1.005360e-01 -2.157799e-02
4.282825e-01 2.101524e-01 8.319762e-02 1.179667e-01
4.299627e-01 2.100458e-01 1.220781e-01 -5.996078e-02
4.278588e-01 2.244673e-01 1.019735e-01 1.391672e-01
4.234340e-01 2.147046e-01 1.148889e-01 7.185987e-02
4.300147e-01 2.130862e-01 1.071895e-01 2.023627e-01
4.310173e-01 2.200434e-01 1.563730e-01 -3.224946e-02
4.305258e-01 2.186078e-01 8.035719e-02 7.963793e-02
4.303920e-01 2.033220e-01 1.028531e-01 1.324299e-01
4.259682e-01 1.970099e-01 9.772710e-02 4.101170e-03
4.284029e-01 2.191128e-01 1.264004e-01 8.500677e-02
4.351832e-01 2.185718e-01 1.310126e-01 2.434261e-02
4.331841e-01 2.088885e-01 1.249121e-01 1.163281e-01
4.296173e-01 2.124864e-01 1.107975e-01 9.497692e-02
4.279872e-01 2.083072e-01 1.061771e-01 3.441894e-02
4.249328e-01 2.110249e-01 9.025791e-02 2.990859e-02
4.292958e-01 2.142549e-01 8.691771e-02 1.528495e-01
4.239981e-01 2.014261e-01 1.521354e-01 1.803081e-01
4.238826e-01 2.128483e-01 1.391220e-01 8.866009e-02
4.240063e-01 2.123671e-01 1.354638e-01 8.642849e-02
4.276768e-01 2.250421e-01 1.220400e-01 -4.554357e-02
4.280754e-01 2.151318e-01 9.808576e-02 1.178107e-01
4.247782e-01 2.085744e-01 9.819015e-02 -3.335356e-02
4.285529e-01 2.081595e-01 1.038003e-01 -5.236877e-02
4.266770e-01 2.010907e-01 1.342937e-01 1.189571e-01
4.251760e-01 1.895080e-01 1.142479e-01 3.595817e-02
4.284602e-01 2.183222e-01 1.027948e-01 2.421278e-01
4.222429e-01 2.110592e-01 1.457867e-01 8.020854e-02
4.230637e-01 2.129418e-01 1.081974e-01 1.211748e-01
4.268194e-01 2.079566e-01 1.286337e-01 5.837385e-02
4.339127e-01 2.253913e-01 9.787754e-02 -4.650975e-02
4.287396e-01 2.079759e-01 1.556184e-01 4.680491e-02
4.236285e-01 2.087186e-01 1.044081e-01 -1.390082e-01
4.303037e-01 2.130067e-01 9.812860e-02 6.432962e-02
4.290587e-01 2.154654e-01 8.892346e-02 1.032198e-01
4.320794e-01 2.058663e-01 1.456614e-01 1.509618e-01
4.306782e-01 2.105089e-01 6.830160e-02 9.383354e-02
4.247739e-01 2.211790e-01 9.909939e-02 -9.185428e-02
4.234008e-01 2.072652e-01 1.165805e-01 -3.147833e-02
4.276003e-01 2.141246e-01 1.014917e-01 -2.250248e-02
4.287566e-01 2.082692e-01 1.234185e-01 9.393231e-02
4.309840e-01 2.212973e-01 1.227920e-01 8.696186e-02
4.259767e-01 2.155959e-01 1.112684e-01 3.972554e-02
4.260515e-01 2.086678e-01 9.756635e-02 -4.745399e-02
4.261787e-01 2.165295e-01 1.330061e-01 1.359778e-01
4.311414e-01 2.163338e-01 1.640928e-01 1.089913e-01
4.251948e-01 2.020474e-01 9.816066e-02 -2.163454e-02
4.296619e-01 2.175783e-01 9.939866e-02 1.998597e-01
4.304795e-01 2.063668e-01 1.365732e-01 1.331327e-01
4.308710e-01 2.100049e-01 1.292162e-01 1.078068e-01
4.270261e-01 2.139641e-01 1.320210e-01 2.404355e-02
4.251931e-01 2.070154e-01 9.027202e-02 3.753313e-02
4.247178e-01 2.077278e-01 1.230521e-01 1.371973e-03
4.272351e-01 2.201885e-01 1.187492e-01 -9.486855e-02
4.254250e-01 1.904777e-01 1.235729e-01 6.192900e-02
4.281350e-01 2.132539e-01 1.027385e-01 -2.960007e-02
4.232150e-01 2.178862e-01 1.177876e-01 4.995451e-02
4.282711e-01 2.167923e-01 1.206073e-01 -4.476520e-02
4.294007e-01 2.214295e-01 1.053032e-01 3.365844e-03
4.246840e-01 2.076380e-01 1.061779e-01 1.590268e-01
4.251484e-01 2.168673e-01 1.291368e-01 2.224206e-02
4.223178e-01 2.233944e-01 1.186665e-01 -3.427355e-03
4.299531e-01 2.172205e-01 1.261796e-01 3.774134e-02
4.305474e-01 2.032541e-01 9.426933e-02 1.380847e-01
4.336096e-01 2.213673e-01 8.856370e-02 6.630271e-02
4.256725e-01 2.124041e-01 1.155133e-01 9.572337e-03
4.284573e-01 2.015355e-01 1.003716e-01 1.444734e-01
4.249379e-01 2.248733e-01 8.300373e-02 1.745279e-01
4.325626e-01 2.164388e-01 7.715029e-02 1.412512e-01
4.315604e-01 2.245130e-01 1.345049e-01 1.816902e-01
4.285604e-01 2.221159e-01 6.590965e-02 1.106926e-01
4.293656e-01 2.203405e-01 1.204915e-01 1.416626e-01
4.274273e-01 2.163925e-01 1.220501e-01 1.778133e-01
4.299285e-01 2.152157e-01 1.064027e-01 1.659827e-01
4.258325e-01 2.181784e-01 1.327158e-01 8.430416e-02
4.259296e-01 2.072961e-01 1.191758e-01 2.623605e-02
4.240825e-01 2.158995e-01 8.311889e-02 1.848488e-01
4.319427e-01 2.164082e-01 1.118719e-01 9.916862e-02
4.257575e-01 2.086549e-01 7.857700e-02 7.018057e-02
4.247576e-01 2.139119e-01 9.263661e-02 5.954297e-02
4.253997e-01 2.243210e-01 1.266046e-01 6.808909e-02
4.277277e-01 2.022295e-01 7.052102e-02 8.020355e-02
4.254874e-01 2.140895e-01 1.153970e-01 -6.578472e-03
4.270769e-01 2.133764e-01 1.478229e-01 3.866916e-02
4.256604e-01 2.099121e-01 1.187825e-01 1.102219e-01
4.251992e-01 2.157508e-01 8.044733e-02 1.038900e-01
4.275696e-01 2.000172e-01 1.043917e-01 1.103385e-01
4.287931e-01 2.142751e-01 8.702703e-02 2.565084e-01
4.251969e-01 2.204078e-01 9.852860e-02 -3.356138e-02
4.297398e-01 2.161686e-01 1.239329e-01 4.954294e-02
4.246660e-01 2.054024e-01 1.045769e-01 7.877651e-02
4.271677e-01 2.135025e-01 8.757240e-02 9.465728e-02
4.285222e-01 2.060394e-01 1.340457e-01 1.095715e-01
4.288361e-01 2.166684e-01 1.021173e-01 2.258289e-02
4.302936e-01 2.139287e-01 1.208247e-01 1.808855e-01
4.277443e-01 2.138662e-01 1.389235e-01 9.119023e-02
4.260024e-01 2.024089e-01 1.224653e-01 2.457687e-01
4.246287e-01 2.007973e-01 1.157377e-01 3.728417e-04
4.289793e-01 2.124545e-01 1.437174e-01 -8.395767e-02
4.263859e-01 2.221235e-01 1.143696e-01 1.133355e-01
4.287054e-01 2.137980e-01 6.188238e-02 6.922473e-02
4.271573e-01 2.219209e-01 1.094327e-01 2.303897e-01
4.272066e-01 2.190375e-01 8.515337e-02 -2.096725e-02
4.282589e-01 2.137734e-01 1.215887e-01 1.124178e-01
4.279818e-01 2.099494e-01 1.074160e-01 9.378717e-02
4.240577e-01 2.128010e-01 1.004793e-01 7.976244e-02
4.254020e-01 2.045356e-01 9.278043e-02 3.386380e-02
4.323796e-01 2.191338e-01 1.180401e-01 9.985757e-02
4.307549e-01 2.234621e-01 1.207305e-01 2.759144e-01
4.274540e-01 2.180997e-01 1.367539e-01 9.987072e-02
4.260553e-01 2.145494e-01 1.156711e-01 1.802894e-01
4.282628e-01 2.184832e-01 1.188682e-01 1.155910e-01
4.307616e-01 2.157577e-01 1.511072e-01 8.308052e-02
4.231851e-01 2.079677e-01 1.669978e-01 3.417480e-03
4.275567e-01 2.146060e-01 1.061424e-01 -4.492930e-02
4.278447e-01 2.047316e-01 1.050988e-01 6.496268e-02
4.307825e-01 2.134533e-01 8.833159e-02 8.593548e-02
4.335860e-01 2.264017e-01 9.103716e-02 1.551672e-01
4.220603e-01 2.217426e-01 1.323142e-01 1.102188e-01
4.244049e-01 2.079367e-01 1.287695e-01 1.279321e-02
4.316278e-01 2.205091e-01 1.202446e-01 7.561816e-02
4.248315e-01 2.088013e-01 1.140784e-01 8.047523e-02
4.257920e-01 2.129269e-01 9.508481e-02 1.090749e-01
4.287113e-01 2.315031e-01 1.177573e-01 1.945500e-01
4.307124e-01 2.210699e-01 1.061168e-01 8.167019e-02
4.280259e-01 2.113029e-01 1.331767e-01 6.981880e-02
4.236568e-01 2.209342e-01 6.113901e-02 1.732681e-01
4.304438e-01 2.078312e-01 1.052767e-01 8.659665e-02
4.269041e-01 2.063515e-01 8.052467e-02 -9.828840e-02
4.220945e-01 1.971387e-01 1.090111e-01 1.852190e-01
4.262441e-01 2.213499e-01 9.103465e-02 1.415469e-01
4.265606e-01 2.129382e-01 1.182690e-01 3.384469e-02
4.287013e-01 2.131847e-01 9.747126e-02 1.181495e-01
4.274281e-01 2.110934e-01 1.062389e-01 6.035989e-02
4.253069e-01 2.123796e-01 9.046503e-02 7.418467e-02
4.306639e-01 2.194690e-01 1.244911e-01 3.010983e-03
4.337982e-01 2.260270e-01 1.074901e-01 -1.042659e-03
4.296191e-01 2.138408e-01 7.873979e-02 -3.010552e-02
4.246838e-01 2.073339e-01 9.789959e-02 2.314560e-01
4.301296e-01 2.135714e-01 1.236758e-01 3.598042e-02
4.256345e-01 2.114451e-01 1.045244e-01 1.287693e-01
4.267356e-01 2.039620e-01 1.069557e-01 6.900572e-02
4.276065e-01 1.947582e-01 1.112858e-01 1.218634e-01
4.254945e-01 2.185688e-01 1.057994e-01 2.948741e-02
4.302155e-01 2.190923e-01 1.595010e-01 -9.092985e-02
4.295415e-01 2.174191e-01 1.121091e-01 -2.078097e-03
4.234296e-01 2.087599e-01 9.245100e-02 1.043886e-02
4.260883e-01 2.065444e-01 1.092757e-01 -7.214365e-02
4.257174e-01 1.980667e-01 7.722985e-02 2.008547e-01
4.227563e-01 2.164528e-01 1.274285e-01 1.054862e-01
4.268350e-01 2.206514e-01 7.966917e-02 8.032915e-02
4.336403e-01 2.279111e-01 9.342657e-02 -9.062386e-02
4.295662e-01 2.149264e-01 7.088793e-02 -1.286264e-02
4.347827e-01 2.221064e-01 1.034371e-01 4.544827e-02
4.253462e-01 2.101066e-01 1.236353e-01 1.405847e-01
4.295362e-01 2.229137e-01 5.960111e-02 6.653698e-02
4.230544e-01 2.021498e-01 9.974247e-02 5.291808e-02
4.260557e-01 2.091662e-01 7.056721e-02 1.772838e-02
4.308043e-01 2.236845e-01 1.024475e-01 1.987443e-01
4.242173e-01 1.984183e-01 8.189650e-02 1.168796e-02
4.269330e-01 2.154916e-01 1.005756e-01 6.544484e-02
4.281470e-01 2.256518e-01 1.039483e-01 9.648640e-04
4.236361e-01 2.227684e-01 8.238558e-02 -4.803848e-02
4.242987e-01 2.091872e-01 1.161863e-01 1.051793e-01
4.306586e-01 2.192045e-01 9.036601e-02 2.591400e-02
4.280234e-01 2.231020e-01 7.851320e-02 1.300376e-02
4.321148e-01 2.119239e-01 1.268479e-01 8.919532e-02
4.303663e-01 2.179431e-01 1.276411e-01 1.186175e-01
4.315935e-01 2.258335e-01 1.024967e-01 1.324998e-01
4.259126e-01 2.043773e-01 1.167414e-01 3.531163e-02
4.282928e-01 2.177283e-01 9.901526e-02 6.373509e-02
4.274768e-01 1.969707e-01 1.169301e-01 2.146503e-02
4.288541e-01 2.167262e-01 1.003887e-01 3.492565e-02
4.272087e-01 2.117311e-01 1.347565e-01 5.805127e-02
4.256951e-01 2.022232e-01 4.739530e-02 1.544583e-01
4.277421e-01 2.119330e-01 1.155684e-01 8.125008e-04
4.237809e-01 2.091641e-01 1.243968e-01 1.559446e-01
4.280051e-01 2.085843e-01 6.867292e-02 9.028427e-02
4.248552e-01 2.030189e-01 1.045189e-01 7.928064e-03
4.206463e-01 2.060412e-01 1.363945e-01 6.431688e-02
4.267584e-01 2.040556e-01 7.518009e-02 1.166707e-01
4.256757e-01 2.126675e-01 1.187990e-01 2.698011e-02
4.291198e-01 2.128730e-01 1.369913e-01 4.098990e-02
4.277590e-01 1.988295e-01 8.273924e-02 -8.145696e-03
4.264865e-01 1.995009e-01 1.039567e-01 2.989941e-01
4.281282e-01 2.208568e-01 8.696130e-02 4.827368e-02
4.300547e-01 2.095924e-01 1.024961e-01 -2.008083e-02
4.268683e-01 2.082677e-01 1.197930e-01 1.473777e-01
4.246076e-01 2.099167e-01 8.549193e-02 6.854107e-02
4.293840e-01 2.200413e-01 1.475076e-01 1.969589e-01
4.262532e-01 2.232648e-01 8.876574e-02 2.905307e-02
4.299737e-01 2.015175e-01 7.221219e-02 3.738166e-02
4.243618e-01 2.107258e-01 8.772559e-02 2.462996e-01
4.286317e-01 1.940454e-01 7.971155e-02 1.227262e-01
4.294541e-01 2.116322e-01 1.273484e-01 9.617420e-02
4.329368e-01 2.143132e-01 1.446036e-01 6.727058e-02
4.272569e-01 2.000502e-01 9.587030e-02 8.733749e-02
4.287318e-01 2.165000e-01 1.175708e-01 1.880529e-01
4.294721e-01 2.230519e-01 8.486840e-02 5.523211e-02
4.258086e-01 2.146358e-01 1.031249e-01 1.400309e-01
4.246844e-01 2.039787e-01 1.131929e-01 -2.713485e-02
4.292353e-01 2.106957e-01 1.390590e-01 2.672299e-01
4.289857e-01 2.191241e-01 1.125444e-01 3.498560e-02
4.299683e-01 2.071067e-01 1.368762e-01 8.969815e-02
4.263988e-01 2.247074e-01 9.082469e-02 2.815299e-01
4.249313e-01 2.141658e-01 1.320569e-01 1.872293e-02
4.258611e-01 2.097109e-01 1.078660e-01 2.402242e-01
4.290079e-01 2.210598e-01 1.160026e-01 1.599468e-01
4.253434e-01 2.086794e-01 1.184735e-01 1.714187e-02
4.259075e-01 2.173761e-01 1.302799e-01 5.435183e-02
4.279664e-01 2.125229e-01 1.149057e-01 9.767023e-03
4.250666e-01 2.079007e-01 1.213415e-01 1.044420e-01
4.268186e-01 2.198746e-01 1.272328e-01 9.967518e-03
4.317597e-01 2.146390e-01 8.703507e-02 4.769432e-02
4.276698e-01 2.014946e-01 9.541611e-02 8.188093e-02
4.287676e-01 2.050880e-01 1.483310e-01 -3.203705e-02
4.298923e-01 2.277495e-01 7.874335e-02 5.193961e-02
4.277301e-01 2.010992e-01 1.092288e-01 1.733310e-01
4.270564e-01 1.980461e-01 4.977003e-02 6.419556e-02
4.307129e-01 2.223121e-01 9.752733e-02 8.476865e-02
4.275862e-01 2.073930e-01 9.033815e-02 5.565976e-03
4.301675e-01 2.134891e-01 7.838032e-02 3.424364e-02
4.281331e-01 2.156539e-01 1.301910e-01 2.378072e-02
4.280070e-01 2.111494e-01 1.084207e-01 1.296496e-01
4.294256e-01 2.251104e-01 1.468695e-01 2.059163e-01
4.254663e-01 2.167264e-01 1.413924e-01 1.231522e-01
4.275837e-01 2.184513e-01 1.364491e-01 -1.974904e-02
4.232541e-01 1.994694e-01 8.114097e-02 9.906110e-02
4.269493e-01 2.188879e-01 1.566206e-01 1.110804e-01
4.290537e-01 2.090727e-01 1.161484e-01 5.342001e-02
4.284489e-01 2.055292e-01 1.266955e-01 -1.441756e-02
4.240671e-01 2.054643e-01 1.204210e-01 3.062726e-02
4.246079e-01 2.056425e-01 8.746211e-02 1.420532e-01
4.206980e-01 2.021642e-01 9.581256e-02 -4.335221e-02
4.271181e-01 2.054826e-01 1.102883e-01 7.130349e-02
4.278025e-01 2.105834e-01 6.442624e-02 5.423364e-02
4.273887e-01 2.152079e-01 1.219049e-01 6.629840e-02
4.221281e-01 2.079473e-01 1.123875e-01 1.919736e-02
4.296098e-01 2.121019e-01 1.136249e-01 9.687914e-02
4.236740e-01 2.137035e-01 1.314873e-01 -2.721895e-02
4.268428e-01 2.108226e-01 1.356443e-01 1.731645e-01
4.296354e-01 2.155315e-01 1.332044e-01 5.007995e-02
4.241897e-01 2.181378e-01 8.030861e-02 1.038612e-01
4.250809e-01 2.046623e-01 7.860945e-02 -7.434835e-02
4.226234e-01 2.122622e-01 8.193912e-02 4.273974e-02
4.254281e-01 2.131398e-01 1.502728e-01 3.263560e-02
4.308830e-01 2.071729e-01 1.139374e-01 8.073099e-02
4.290112e-01 2.136311e-01 7.903060e-02 1.150629e-01
4.313064e-01 2.193830e-01 1.409720e-01 1.087007e-01
4.292283e-01 2.192625e-01 8.805066e-02 1.160021e-01
4.276174e-01 2.172991e-01 1.204491e-01 6.425780e-02
4.267004e-01 2.121619e-01 8.024166e-02 8.513573e-02
4.321730e-01 2.204377e-01 1.229696e-01 -4.305659e-02
4.268196e-01 2.059794e-01 1.228933e-01 8.542938e-02
4.274999e-01 2.132819e-01 1.396556e-01 1.353567e-02
4.327220e-01 2.108865e-01 9.204074e-02 1.238106e-01
4.272023e-01 2.154878e-01 1.129949e-01 3.898345e-02
4.217125e-01 1.922526e-01 6.377980e-02 3.666031e-02
4.282344e-01 2.094944e-01 1.093981e-01 9.074885e-02
4.274047e-01 1.970547e-01 1.085581e-01 3.039140e-02
4.264761e-01 2.139236e-01 1.147385e-01 2.002144e-02
4.255099e-01 2.199054e-01 1.269347e-01 5.030942e-02
4.295500e-01 2.183671e-01 1.440575e-01 1.689052e-02
4.266092e-01 2.091364e-01 1.057638e-01 1.137994e-01
4.287932e-01 2.082398e-01 1.160174e-01 1.760504e-02
4.321251e-01 2.175227e-01 9.155847e-02 7.601205e-02
4.274474e-01 2.090037e-01 8.420146e-02 -8.529425e-02
4.275035e-01 2.132144e-01 8.167800e-02 2.244919e-02
4.246273e-01 2.100281e-01 1.046165e-01 7.812208e-02
4.225447e-01 1.948538e-01 9.041566e-02 1.349155e-01
4.265723e-01 2.122451e-01 1.245366e-01 4.420720e-02
4.270178e-01 2.197362e-01 1.355340e-01 6.063627e-02
4.246172e-01 2.216099e-01 1.232891e-01 1.594462e-01
4.257339e-01 2.067190e-01 1.185525e-01 1.660794e-01
4.295976e-01 2.149074e-01 8.673899e-02 4.460001e-02
4.305842e-01 2.088472e-01 1.282865e-01 1.574269e-01
4.253005e-01 2.051798e-01 9.902730e-02 -2.089155e-02
4.261257e-01 2.009576e-01 1.048871e-01 9.591643e-02
4.296784e-01 2.248832e-01 1.091679e-01 8.822440e-02
4.271620e-01 2.123290e-01 9.006656e-02 1.526998e-01
4.306748e-01 2.193820e-01 1.188031e-01 3.485558e-03
4.262787e-01 2.100092e-01 1.694172e-01 1.262874e-01
4.256643e-01 2.157295e-01 1.102202e-01 1.364424e-01
4.253378e-01 2.062056e-01 1.086000e-01 2.119991e-01
4.307482e-01 2.199719e-01 8.426644e-02 3.839404e-02
4.283595e-01 2.053299e-01 1.162192e-01 7.252781e-02
4.260910e-01 2.072644e-01 1.041402e-01 1.427102e-01
4.224954e-01 2.014566e-01 9.944967e-02 4.096555e-02
4.239310e-01 2.121991e-01 1.116801e-01 3.335998e-02
4.230990e-01 1.961972e-01 1.183365e-01 1.790488e-02
4.258692e-01 1.975495e-01 1.495178e-01 4.051601e-02
4.236224e-01 2.094882e-01 1.219553e-01 3.742078e-02
4.255211e-01 2.137616e-01 9.686724e-02 9.366432e-03
4.396771e-01 2.271562e-01 1.337748e-01 1.665114e-01
4.312009e-01 2.262385e-01 1.122291e-01 -5.208521e-03
4.325348e-01 2.360228e-01 1.399993e-01 2.184885e-01
4.273342e-01 2.117573e-01 1.060900e-01 3.623975e-03
4.280468e-01 2.171375e-01 1.183448e-01 6.450471e-02
4.312064e-01 2.119483e-01 1.209725e-01 2.091973e-01
4.269052e-01 2.024582e-01 1.250491e-01 1.228550e-01
4.269350e-01 2.052733e-01 1.092594e-01 4.509703e-02
4.286599e-01 2.188663e-01 1.159210e-01 4.744662e-02
4.243179e-01 2.186353e-01 9.643192e-02 4.542182e-02
4.233039e-01 1.979475e-01 7.064351e-02 9.844283e-02
4.293664e-01 2.160417e-01 1.139697e-01 -5.204447e-02
4.293827e-01 2.190161e-01 1.327704e-01 9.373936e-02
4.279847e-01 2.164166e-01 8.927376e-02 -5.113732e-03
4.268583e-01 2.122915e-01 9.264438e-02 1.044187e-01
4.247630e-01 2.054031e-01 1.203686e-01 1.628339e-01
4.271034e-01 2.126296e-01 1.036223e-01 8.495761e-02
4.307344e-01 2.087747e-01 1.020890e-01 -9.818817e-02
4.298378e-01 2.184686e-01 9.784277e-02 3.160624e-03
4.221969e-01 1.963402e-01 8.928576e-02 -4.832811e-02
4.320915e-01 2.249901e-01 8.074569e-02 2.107102e-01
4.285135e-01 2.228830e-01 8.891271e-02 2.257090e-01
4.248359e-01 2.105230e-01 1.231610e-01 2.401145e-02
4.261953e-01 2.106144e-01 9.686304e-02 4.401423e-02
4.260727e-01 2.133090e-01 1.056088e-01 1.667547e-01
4.275939e-01 2.100888e-01 1.556660e-01 -7.287191e-02
4.261122e-01 2.095069e-01 1.022180e-01 5.367981e-02
4.269005e-01 2.161542e-01 1.143375e-01 1.349654e-01
4.297656e-01 2.013798e-01 9.969566e-02 6.279349e-02
4.280098e-01 2.129032e-01 8.036852e-02 -5.749870e-02
4.301561e-01 2.088085e-01 1.408115e-01 1.711285e-01
4.259041e-01 2.123684e-01 9.558293e-02 6.073898e-02
4.273482e-01 2.149262e-01 9.085706e-02 6.000438e-02
4.271702e-01 2.100588e-01 1.139467e-01 1.134610e-01
4.297370e-01 2.081102e-01 1.305604e-01 2.001917e-01
4.290844e-01 2.040517e-01 9.537331e-02 1.815914e-01
4.338884e-01 2.054269e-01 9.830725e-02 4.443151e-03
4.330253e-01 2.259404e-01 1.023813e-01 2.375406e-01
4.304938e-01 2.251037e-01 8.244222e-02 4.737268e-02
4.289745e-01 2.192603e-01 6.433409e-02 1.583049e-01
4.270096e-01 2.182631e-01 1.204373e-01 1.251055e-01
4.292356e-01 2.199948e-01 1.131675e-01 6.515612e-03
4.257794e-01 2.270937e-01 1.371790e-01 -7.158571e-02
4.344979e-01 2.217524e-01 1.354553e-01 1.306943e-01
4.287319e-01 2.202668e-01 1.224648e-01 1.723512e-01
4.257048e-01 2.181881e-01 1.134014e-01 1.216652e-02
4.277729e-01 2.082486e-01 1.298760e-01 1.150924e-01
4.295705e-01 2.113539e-01 9.202686e-02 7.265531e-02
4.311679e-01 2.339436e-01 1.192454e-01 -2.169093e-03
4.265108e-01 2.112623e-01 1.104853e-01 1.604546e-01
4.247977e-01 2.162804e-01 1.122173e-01 1.215408e-01
4.324893e-01 2.184570e-01 1.094416e-01 1.014971e-01
4.277997e-01 2.230708e-01 1.072282e-01 1.840686e-01
4.277868e-01 2.089609e-01 1.177917e-01 -5.292915e-02
4.265512e-01 2.165485e-01 9.470916e-02 1.262718e-01
4.260136e-01 2.117766e-01 1.145866e-01 8.314477e-02
4.322936e-01 2.327842e-01 1.194952e-01 1.184620e-01
4.282929e-01 2.042867e-01 1.020938e-01 9.708295e-02
4.278383e-01 2.042940e-01 4.051554e-02 7.284077e-02
4.295194e-01 2.183920e-01 8.748024e-02 -7.342307e-02
4.272818e-01 2.153346e-01 1.072218e-01 8.606503e-02
4.268425e-01 2.121765e-01 1.033035e-01 1.893947e-01
4.257670e-01 2.161647e-01 1.017005e-01 2.693888e-01
4.230130e-01 2.103087e-01 1.119833e-01 7.299296e-02
4.283476e-01 2.249500e-01 1.333098e-01 -5.677043e-02
4.217919e-01 2.074011e-01 1.287563e-01 2.191821e-01
4.270741e-01 2.124632e-01 1.155286e-01 8.139772e-02
4.260015e-01 2.098176e-01 1.144534e-01 8.248852e-03
4.259135e-01 2.144358e-01 1.393035e-01 2.530890e-01
4.308246e-01 2.146055e-01 1.223269e-01 7.104272e-02
4.267077e-01 2.180325e-01 1.296230e-01 1.164066e-01
4.256623e-01 2.113802e-01 1.288422e-01 5.954874e-02
4.290199e-01 2.134092e-01 1.269771e-01 2.639803e-02
4.269677e-01 2.123675e-01 7.296617e-02 1.868394e-02
4.230561e-01 1.937497e-01 1.091066e-01 2.070178e-03
4.273847e-01 2.131609e-01 1.061365e-01 3.025688e-02
4.297454e-01 2.167625e-01 6.545500e-02 1.215092e-01
4.255725e-01 2.000921e-01 9.382239e-02 1.450055e-02
4.207364e-01 2.044897e-01 1.074713e-01 1.703412e-01
4.191475e-01 1.987293e-01 9.934121e-02 1.202920e-01
4.267907e-01 2.034429e-01 8.912183e-02 2.437779e-02
4.259766e-01 2.061631e-01 7.059530e-02 1.171022e-01
4.283164e-01 2.167294e-01 1.291183e-01 3.215742e-03
4.250160e-01 2.144920e-01 9.440733e-02 1.658688e-01
4.234088e-01 2.036442e-01 9.406225e-02 1.098984e-01
4.286698e-01 2.145355e-01 1.125675e-01 -2.372478e-02
4.285385e-01 2.311674e-01 1.033322e-01 7.172850e-03
4.293450e-01 2.234272e-01 1.292242e-01 6.106666e-02
4.252433e-01 2.055021e-01 8.398959e-02 8.271172e-02
4.315394e-01 2.327005e-01 1.147821e-01 2.273400e-01
4.299070e-01 2.148074e-01 1.640250e-01 -1.157443e-01
4.290009e-01 2.091895e-01 1.007105e-01 2.063651e-01
4.282894e-01 2.302458e-01 8.917672e-02 -4.945142e-02
4.316063e-01 2.242724e-01 1.127344e-01 2.025523e-01
4.280052e-01 2.085352e-01 7.519781e-02 4.178866e-02
4.236339e-01 2.132136e-01 1.061162e-01 8.265694e-02
4.289478e-01 2.207061e-01 1.258369e-01 1.838311e-02
4.301290e-01 2.214316e-01 1.162947e-01 2.275131e-01
4.298768e-01 2.041024e-01 1.291525e-01 1.954994e-01
4.258393e-01 2.014524e-01 7.969417e-02 6.479966e-02
4.286646e-01 2.231694e-01 9.551692e-02 2.151498e-01
4.246174e-01 2.143840e-01 1.309854e-01 6.571993e-02
4.248141e-01 2.164123e-01 1.001308e-01 6.682595e-02
4.233195e-01 2.036338e-01 1.086461e-01 8.285132e-02
4.247968e-01 2.157919e-01 7.613970e-02 -1.811724e-02
4.226735e-01 2.050164e-01 1.217469e-01 1.191350e-01
4.284863e-01 2.201571e-01 6.242224e-02 -9.935319e-02
4.261464e-01 2.152556e-01 1.025813e-01 6.815489e-02
4.314302e-01 2.170289e-01 1.611413e-01 2.364316e-01
4.268260e-01 2.091921e-01 1.211401e-01 1.335304e-01
4.298209e-01 2.279446e-01 1.254869e-01 1.393073e-01
4.251401e-01 2.110745e-01 7.359659e-02 -2.660507e-02
4.289387e-01 2.200875e-01 1.312532e-01 2.401196e-01
4.301625e-01 2.236543e-01 9.497768e-02 1.278601e-01
4.294237e-01 2.148176e-01 8.484833e-02 1.432227e-02
4.275194e-01 1.980150e-01 8.540568e-02 2.976914e-02
4.253323e-01 2.167471e-01 9.219768e-02 1.570481e-02
4.283227e-01 2.133292e-01 1.250744e-01 -1.486724e-02
4.217418e-01 2.025075e-01 1.184660e-01 7.337821e-02
4.253435e-01 2.075139e-01 9.420208e-02 1.002031e-01
4.265867e-01 2.107699e-01 8.584175e-02 1.445791e-01
4.248712e-01 2.072492e-01 1.078798e-01 1.817822e-01
4.237535e-01 2.206494e-01 1.297624e-01 1.363912e-01
4.276104e-01 2.074339e-01 1.152641e-01 -2.813244e-02
4.309708e-01 2.115358e-01 9.323980e-02 5.157715e-02
4.241439e-01 1.978882e-01 1.172209e-01 2.805747e-02
4.259200e-01 2.058992e-01 1.466427e-01 1.283173e-02
4.261728e-01 1.983725e-01 1.532509e-01 1.649102e-01
4.333725e-01 2.137684e-01 1.328831e-01 1.092462e-01
4.319071e-01 2.295992e-01 9.342427e-02 5.117219e-02
4.259466e-01 2.034856e-01 1.399507e-01 1.441474e-01
4.306405e-01 2.178553e-01 1.358025e-01 1.194034e-01
4.247527e-01 2.185498e-01 1.202522e-01 -1.048464e-02
4.295279e-01 2.196571e-01 9.325578e-02 8.921933e-02
4.267796e-01 2.080830e-01 7.744010e-02 1.181446e-01
4.294824e-01 2.086270e-01 1.079610e-01 -2.563035e-02
4.318166e-01 2.233468e-01 9.741353e-02 4.725865e-02
4.255500e-01 1.950003e-01 1.148014e-01 1.575327e-01
4.292705e-01 2.261803e-01 1.176796e-01 -7.478203e-02
4.290278e-01 2.202598e-01 1.386973e-01 1.240423e-01
4.294604e-01 2.099328e-01 1.312390e-01 3.150527e-02
4.266200e-01 2.053693e-01 1.216188e-01 3.667833e-02
4.309797e-01 2.113083e-01 6.744698e-02 2.706134e-01
4.303595e-01 2.213172e-01 1.219832e-01 -1.571360e-02
4.268791e-01 2.063284e-01 1.212134e-01 1.443771e-01
4.290560e-01 2.266218e-01 1.184777e-01 1.509721e-01
4.293060e-01 2.099551e-01 1.032753e-01 1.894855e-01
4.289003e-01 2.063043e-01 1.253482e-01 1.763904e-01
4.251742e-01 2.211202e-01 1.418396e-01 3.890983e-02
4.256528e-01 2.166006e-01 1.484700e-01 7.683723e-02
4.227739e-01 1.968526e-01 7.886234e-02 -8.430110e-03
4.209099e-01 2.220222e-01 9.164749e-02 -4.172630e-02
4.271580e-01 2.104566e-01 5.815866e-02 1.120194e-01
4.301462e-01 2.094670e-01 9.594689e-02 1.717803e-01
4.308380e-01 2.173875e-01 1.393951e-01 1.923036e-01
4.249783e-01 2.057441e-01 1.422049e-01 1.071695e-01
4.319653e-01 2.170969e-01 1.120766e-01 -4.965122e-02
4.292209e-01 2.237757e-01 1.475335e-01 1.296653e-01
4.258571e-01 2.020938e-01 1.391943e-01 2.710983e-02
4.248581e-01 2.209679e-01 1.360200e-01 5.407738e-02
4.299012e-01 2.230286e-01 1.104031e-01 1.602500e-01
4.305237e-01 2.187559e-01 1.599053e-01 1.678776e-02
4.340652e-01 2.064147e-01 1.281986e-01 -3.997340e-03
4.281065e-01 2.072042e-01 9.513113e-02 2.010555e-02
4.305112e-01 2.077809e-01 1.072240e-01 -1.883477e-02
4.291457e-01 2.116305e-01 1.128376e-01 2.051807e-01
4.285955e-01 2.171010e-01 9.193600e-02 6.920140e-02
4.273286e-01 2.178658e-01 1.213307e-01 6.088915e-02
4.275165e-01 2.069516e-01 9.138967e-02 5.620705e-02
4.308505e-01 2.162025e-01 1.267684e-01 6.482158e-02
4.218491e-01 1.975446e-01 1.294073e-01 7.345992e-02
4.221884e-01 1.880524e-01 1.086205e-01 1.936061e-01
4.305683e-01 2.115419e-01 1.236353e-01 -5.193984e-02
4.292417e-01 2.055932e-01 1.152621e-01 1.627988e-01
4.277715e-01 2.037367e-01 1.124399e-01 6.135166e-02
4.272189e-01 2.235209e-01 1.160459e-01 -4.528450e-02
4.294619e-01 2.149282e-01 1.085531e-01 9.457337e-03
4.234399e-01 2.114371e-01 1.203750e-01 5.086496e-02
4.308526e-01 2.123876e-01 1.353939e-01 2.487254e-02
4.248217e-01 2.149055e-01 7.820375e-02 5.185510e-02
4.304144e-01 2.156424e-01 1.205238e-01 6.133205e-02
4.291644e-01 2.074122e-01 1.273546e-01 2.791061e-01
4.240764e-01 2.014376e-01 8.536866e-02 1.260415e-01
4.247354e-01 2.066788e-01 1.406724e-01 5.348172e-02
4.263039e-01 2.090756e-01 8.074113e-02 1.034522e-01
4.285506e-01 2.152848e-01 6.383242e-02 2.041603e-02
4.306789e-01 2.270759e-01 9.507958e-02 1.403495e-01
4.251003e-01 2.102057e-01 1.001844e-01 -5.077704e-03
4.279519e-01 2.037574e-01 1.049985e-01 -5.882162e-04
4.271870e-01 2.089836e-01 1.069056e-01 -2.598682e-02
4.250861e-01 1.979088e-01 9.422121e-02 9.382659e-02
4.231048e-01 2.068598e-01 1.575473e-01 1.487760e-01
4.278671e-01 2.096592e-01 1.109897e-01 8.507190e-02
4.284888e-01 2.120029e-01 1.361925e-01 9.676701e-02
4.269553e-01 2.165293e-01 1.249267e-01 8.713018e-02
4.295866e-01 2.132423e-01 1.061842e-01 9.705701e-02
4.295702e-01 2.161966e-01 9.367606e-02 9.498575e-03
4.276496e-01 2.292059e-01 1.439727e-01 2.294523e-01
4.279695e-01 2.053506e-01 1.136913e-01 -1.502153e-02
4.251239e-01 2.252750e-01 1.263783e-01 3.227365e-02
4.314408e-01 2.076470e-01 1.071605e-01 8.117442e-02
4.256501e-01 2.093564e-01 1.054111e-01 -1.883506e-02
4.262893e-01 2.092256e-01 1.043668e-01 1.252843e-01
4.285373e-01 2.081512e-01 9.781370e-02 1.426056e-01
4.307367e-01 2.086129e-01 1.236113e-01 5.978647e-02
4.283222e-01 2.076083e-01 1.420350e-01 7.764459e-02
4.277599e-01 2.087874e-01 1.193668e-01 2.233062e-01
4.265476e-01 2.148786e-01 1.168383e-01 2.130188e-01
4.315366e-01 2.080077e-01 1.223596e-01 1.610650e-01
4.269762e-01 2.110261e-01 1.009199e-01 7.410572e-02
4.253204e-01 2.154205e-01 1.304000e-01 5.117565e-02
4.245451e-01 2.234817e-01 1.371516e-01 1.465410e-01
4.253663e-01 2.122991e-01 9.940144e-02 1.483801e-02
4.249542e-01 2.179568e-01 7.979698e-02 -6.670506e-03
4.337724e-01 2.124633e-01 1.180503e-01 2.015621e-02
4.289784e-01 2.105650e-01 9.828303e-02 1.220307e-01
4.307252e-01 2.152889e-01 9.651357e-02 7.032225e-02
4.260346e-01 2.166231e-01 8.948278e-02 9.643891e-02
4.289487e-01 2.076621e-01 6.994177e-02 4.474437e-02
4.246121e-01 2.166473e-01 1.318429e-01 2.748296e-02
4.299263e-01 2.260028e-01 1.093686e-01 9.549441e-02
4.278882e-01 2.113601e-01 1.573715e-01 1.392682e-01
4.325589e-01 2.209525e-01 1.244372e-01 1.558053e-01
4.258019e-01 2.217686e-01 1.248497e-01 1.059343e-01
4.251481e-01 2.075861e-01 1.187981e-01 3.719408e-02
4.296102e-01 2.195848e-01 9.096623e-02 9.224118e-02
4.261455e-01 1.935967e-01 1.020835e-01 5.109749e-02
4.287708e-01 1.999472e-01 9.706227e-02 3.646256e-02
4.222217e-01 2.078154e-01 5.419619e-02 7.972480e-02
4.320044e-01 2.147763e-01 1.283982e-01 -5.487771e-02
4.276071e-01 2.068440e-01 1.131819e-01 9.436172e-02
4.325222e-01 2.160874e-01 1.294990e-01 1.559609e-01
4.257298e-01 2.077318e-01 8.417454e-02 1.135083e-01
4.317525e-01 2.209517e-01 1.003867e-01 1.873528e-01
4.273149e-01 2.099703e-01 9.761466e-02 4.788995e-02
4.244614e-01 2.043213e-01 9.544242e-02 7.863966e-02
4.269922e-01 2.121199e-01 7.403246e-02 9.451307e-03
4.283669e-01 2.084365e-01 8.744346e-02 -4.619389e-02
4.292010e-01 2.005590e-01 1.343096e-01 9.203902e-02
4.285050e-01 2.207389e-01 1.053064e-01 -4.572126e-02
4.293933e-01 2.038586e-01 1.222434e-01 -4.263142e-02
4.272462e-01 2.058353e-01 1.181058e-01 9.797951e-02
4.298034e-01 2.169828e-01 1.178796e-01 1.034804e-01
4.311013e-01 2.323366e-01 1.188871e-01 1.102126e-01
4.225848e-01 1.992204e-01 7.588253e-02 1.485597e-02
4.258533e-01 2.132861e-01 1.451356e-01 2.393860e-02
4.284592e-01 2.205438e-01 1.297486e-01 9.652532e-02
4.254990e-01 2.206378e-01 9.150455e-02 1.177996e-02
4.241249e-01 2.003219e-01 8.507726e-02 7.363169e-02
4.309964e-01 2.215390e-01 1.197405e-01 8.310923e-03
4.293589e-01 2.149652e-01 1.170320e-01 -8.404875e-02
4.287890e-01 2.137374e-01 1.202993e-01 -5.167222e-02
4.279221e-01 2.048128e-01 8.996055e-02 -5.828443e-02
4.241582e-01 2.079455e-01 1.003342e-01 1.351870e-01
4.252225e-01 2.142550e-01 6.875310e-02 9.776756e-02
4.277754e-01 2.063340e-01 1.133510e-01 8.207269e-02
4.249637e-01 2.026533e-01 9.816025e-02 9.063276e-02
4.226793e-01 2.067938e-01 1.027875e-01 -3.689285e-02
4.265340e-01 1.988197e-01 7.425348e-02 6.112169e-02
4.328100e-01 2.181189e-01 1.243784e-01 2.196915e-01
4.266978e-01 2.071464e-01 1.038885e-01 6.404596e-02
4.252914e-01 2.042415e-01 6.920857e-02 4.937013e-02
4.249708e-01 2.064277e-01 1.213620e-01 -1.029004e-02
4.267457e-01 2.089715e-01 1.153159e-01 8.469073e-02
4.292951e-01 2.060367e-01 8.463408e-02 8.802911e-02
4.325039e-01 2.300483e-01 9.791365e-02 1.169899e-01
4.277727e-01 2.160466e-01 1.077086e-01 1.078878e-01
4.260988e-01 2.181347e-01 1.160635e-01 1.089544e-02
4.280997e-01 2.029988e-01 8.763055e-02 2.538721e-02
4.254134e-01 2.126048e-01 9.917437e-02 1.085544e-02
4.268632e-01 2.065717e-01 9.165313e-02 6.906102e-02
4.278027e-01 2.186130e-01 7.831595e-02 5.913564e-02
4.229864e-01 2.052629e-01 1.010851e-01 5.288357e-02
4.245110e-01 1.947566e-01 8.289168e-02 1.289518e-01
4.253089e-01 2.083165e-01 7.570402e-02 1.757762e-01
4.296400e-01 2.182169e-01 1.136089e-01 7.482495e-02
4.308128e-01 2.145111e-01 1.080275e-01 4.186481e-02
4.259937e-01 2.171682e-01 1.164869e-01 1.705392e-01
4.272353e-01 2.080154e-01 1.104253e-01 -7.980860e-03
4.283095e-01 2.160681e-01 1.064476e-01 1.570022e-01
4.270605e-01 2.167745e-01 1.433867e-01 -4.777498e-02
4.309217e-01 2.055626e-01 1.019052e-01 5.815731e-02
4.306647e-01 2.232627e-01 1.068224e-01 1.391875e-01
4.226971e-01 2.090712e-01 1.150449e-01 6.811544e-02
4.274930e-01 2.118590e-01 1.373634e-01 1.179918e-01
4.261705e-01 2.181977e-01 8.817010e-02 1.523456e-01
4.242725e-01 2.097128e-01 7.948283e-02 -3.284334e-02
4.245955e-01 2.010449e-01 1.117406e-01 6.569647e-02
4.241515e-01 1.986584e-01 1.181017e-01 9.882573e-03
4.304795e-01 2.195307e-01 1.317580e-01 1.717203e-01
4.222603e-01 2.150440e-01 1.378687e-01 3.100813e-02
4.305541e-01 2.206587e-01 1.332528e-01 1.042069e-01
4.280752e-01 2.178733e-01 8.900325e-02 1.805361e-01
4.306684e-01 2.112190e-01 1.041115e-01 1.367301e-01
4.233635e-01 2.064950e-01 1.018931e-01 1.413711e-01
4.321753e-01 2.334966e-01 1.377118e-01 -1.010034e-02
4.270495e-01 2.006222e-01 1.318391e-01 1.119218e-01
4.324165e-01 2.202083e-01 1.334391e-01 1.316439e-02
4.283446e-01 2.223248e-01 3.436749e-02 -3.112433e-02
4.290245e-01 2.096088e-01 1.377578e-01 1.651331e-01
4.274048e-01 2.218282e-01 1.086725e-01 7.460061e-02
4.286235e-01 2.282836e-01 1.114846e-01 1.637196e-01
4.319270e-01 2.235376e-01 1.310663e-01 7.257268e-02
4.292275e-01 2.130413e-01 9.942700e-02 7.263718e-02
4.251046e-01 2.204357e-01 1.344002e-01 8.979760e-02
4.248235e-01 2.028046e-01 5.901690e-02 2.175783e-01
4.199406e-01 2.000607e-01 8.452771e-02 1.186808e-01
4.220429e-01 2.056332e-01 1.206201e-01 4.544374e-02
4.276468e-01 2.140471e-01 9.994904e-02 1.543074e-01
4.268130e-01 2.181475e-01 1.209891e-01 3.635876e-02
4.250076e-01 2.136990e-01 9.769188e-02 2.620076e-02
4.303480e-01 2.207313e-01 1.418952e-01 9.278517e-02
4.282736e-01 2.174281e-01 1.156516e-01 -6.694431e-02
4.291707e-01 2.211205e-01 1.234688e-01 1.134833e-01
4.283632e-01 2.113534e-01 9.134580e-02 3.246680e-02
4.258290e-01 2.016367e-01 9.706653e-02 9.983213e-03
4.281848e-01 2.078205e-01 1.203346e-01 1.030106e-01
4.267642e-01 2.110558e-01 7.931455e-02 8.014291e-02
4.292856e-01 2.138101e-01 1.187268e-01 1.450365e-01
4.271300e-01 2.070440e-01 1.287121e-01 -3.561945e-02
4.295971e-01 2.088581e-01 1.141895e-01 1.806037e-01
4.207587e-01 1.973634e-01 1.166206e-01 9.321523e-02
4.281015e-01 2.104721e-01 8.466904e-02 1.075035e-01
4.278065e-01 1.911173e-01 1.060678e-01 -3.668979e-02
4.312217e-01 2.169023e-01 1.066413e-01 2.593469e-02
4.297253e-01 2.089500e-01 8.994065e-02 1.595814e-01
4.313124e-01 2.328332e-01 1.758613e-01 1.309852e-02
4.314887e-01 2.197030e-01 1.178030e-01 2.756101e-01
4.280383e-01 2.199148e-01 9.915470e-02 8.060022e-02
4.291418e-01 2.084627e-01 6.609152e-02 1.517086e-01
4.281324e-01 2.080632e-01 1.131831e-01 7.311597e-03
4.277298e-01 2.167561e-01 9.696197e-02 1.350551e-02
4.247977e-01 2.176466e-01 1.286577e-01 1.291419e-01
4.297660e-01 2.248372e-01 8.908054e-02 1.458454e-02
4.258390e-01 2.106171e-01 1.228182e-01 1.168704e-01
4.282396e-01 2.111715e-01 1.036804e-01 5.816555e-02
4.268320e-01 2.196694e-01 1.150896e-01 1.605007e-02
4.296276e-01 2.119154e-01 1.549262e-01 1.229169e-01
4.270720e-01 2.169856e-01 1.114291e-01 1.629253e-01
4.275468e-01 2.138190e-01 1.236639e-01 2.290888e-02
4.293419e-01 2.264889e-01 1.286343e-01 1.741365e-01
4.275045e-01 2.054704e-01 1.338991e-01 3.832690e-02
4.290353e-01 2.099012e-01 6.908979e-02 1.057479e-01
4.290038e-01 2.161741e-01 8.028766e-02 -5.651224e-02
4.264901e-01 2.070266e-01 9.945447e-02 2.760324e-02
4.268879e-01 2.049963e-01 1.124280e-01 -9.839943e-02
4.262873e-01 2.156804e-01 8.381954e-02 2.016005e-01
4.246722e-01 2.093303e-01 7.901789e-02 1.531920e-01
4.232148e-01 2.137214e-01 5.868605e-02 1.225841e-01
4.266837e-01 2.219441e-01 7.059321e-02 -2.185540e-02
4.294525e-01 2.186394e-01 7.515892e-02 1.197410e-01
4.254564e-01 2.083410e-01 8.907513e-02 -6.602954e-02
4.294549e-01 2.033370e-01 1.136071e-01 4.710483e-02
4.251376e-01 2.125943e-01 1.016930e-01 3.150280e-02
4.260974e-01 2.121161e-01 1.002974e-01 6.484746e-02
4.298273e-01 2.158465e-01 1.049491e-01 -4.256085e-02
4.295567e-01 2.233301e-01 1.312085e-01 1.452815e-01
4.305179e-01 2.192971e-01 9.041681e-02 -4.220531e-02
4.311863e-01 2.211790e-01 1.110726e-01 2.325712e-01
4.294176e-01 2.229527e-01 1.140284e-01 2.623500e-02
4.307179e-01 2.199171e-01 1.558819e-01 -1.166779e-02
4.334669e-01 2.198934e-01 1.210422e-01 4.378455e-02
4.271474e-01 2.243470e-01 1.291328e-01 1.544190e-01
4.308210e-01 2.255372e-01 1.251322e-01 -4.541974e-02
4.228651e-01 1.968879e-01 8.473954e-02 -4.725166e-02
4.241035e-01 2.173798e-01 9.412471e-02 1.364308e-01
4.324702e-01 2.170810e-01 1.376970e-01 1.468428e-01
4.267058e-01 2.142736e-01 1.398504e-01 -1.197022e-02
4.262025e-01 2.013101e-01 1.260320e-01 1.705331e-01
4.303770e-01 2.028652e-01 7.874549e-02 1.692314e-01
4.258608e-01 2.052290e-01 1.153286e-01 6.782149e-02
4.251598e-01 2.036882e-01 8.936079e-02 3.240444e-02
4.262550e-01 2.105831e-01 1.058126e-01 9.359431e-02
4.235267e-01 2.099146e-01 8.607770e-02 1.362047e-01
4.274060e-01 2.125057e-01 1.248022e-01 4.066371e-02
4.272523e-01 2.064027e-01 1.416902e-01 1.576310e-01
4.284029e-01 2.187739e-01 1.213366e-01 7.778970e-02
4.284519e-01 2.129791e-01 1.490269e-01 3.641999e-01
4.286633e-01 2.143885e-01 8.906635e-02 6.188362e-02
4.283601e-01 2.064269e-01 1.282965e-01 1.258832e-01
4.285174e-01 2.143788e-01 9.715862e-02 1.848053e-02
4.324950e-01 2.277526e-01 8.410170e-02 8.662246e-02
4.264842e-01 2.197046e-01 1.266054e-01 2.180198e-01
4.286055e-01 2.191427e-01 1.168452e-01 3.022197e-01
4.255171e-01 2.112561e-01 1.208054e-01 3.855671e-02
4.263429e-01 2.139244e-01 4.926488e-02 9.392792e-02
4.276659e-01 2.209359e-01 9.683750e-02 1.807899e-02
4.302975e-01 2.154505e-01 1.218366e-01 6.029674e-02
4.270942e-01 2.092077e-01 9.670027e-02 -7.582040e-02
4.308094e-01 2.180412e-01 1.052410e-01 1.576782e-01
4.331073e-01 2.130499e-01 1.116707e-01 6.939096e-02
4.293321e-01 2.073282e-01 7.188309e-02 2.852465e-02
4.304164e-01 2.102102e-01 9.617862e-02 1.085496e-01
4.263022e-01 2.159819e-01 9.894627e-02 -1.774497e-02
4.303124e-01 2.241864e-01 1.189584e-01 -2.045727e-02
4.247856e-01 2.099523e-01 1.035022e-01 1.153433e-01
4.286462e-01 2.262017e-01 1.180539e-01 3.608810e-02
4.304927e-01 2.125035e-01 1.191750e-01 4.154022e-02
4.318348e-01 2.234016e-01 1.383041e-01 1.386105e-01
4.265394e-01 2.214366e-01 1.064634e-01 1.749104e-01
4.284471e-01 2.092653e-01 1.274259e-01 1.037961e-01
4.300766e-01 2.109972e-01 1.046513e-01 1.782573e-01
4.333417e-01 2.291794e-01 1.805744e-01 1.973339e-01
4.293115e-01 2.261163e-01 1.201508e-01 7.010814e-02
4.306058e-01 2.272882e-01 1.124362e-01 -1.807923e-02
4.308523e-01 2.190981e-01 1.155280e-01 1.008519e-01
4.291317e-01 2.045907e-01 1.399966e-01 7.376323e-02
4.253381e-01 2.090703e-01 1.187605e-01 9.735546e-02
4.231689e-01 2.141695e-01 9.589182e-02 6.763581e-02
4.297150e-01 2.103338e-01 1.040762e-01 1.525513e-01
4.345346e-01 2.241359e-01 1.101991e-01 1.228584e-01
4.247964e-01 1.981428e-01 1.162680e-01 1.155131e-01
4.276548e-01 2.128664e-01 1.231441e-01 6.582253e-02
4.306906e-01 2.225335e-01 1.238377e-01 2.303496e-01
4.239446e-01 2.125448e-01 6.561517e-02 1.332378e-01
4.281108e-01 2.037568e-01 9.986599e-02 7.064283e-02
4.279361e-01 2.077555e-01 1.059939e-01 1.356558e-01
4.302610e-01 2.182151e-01 1.423993e-01 -4.420882e-02
4.237726e-01 2.038959e-01 9.768688e-02 1.983015e-01
4.251940e-01 2.006731e-01 8.302254e-02 3.710950e-02
4.262384e-01 2.088592e-01 1.071078e-01 8.468576e-02
4.293533e-01 2.159315e-01 1.249603e-01 1.691515e-01
4.279722e-01 2.085687e-01 1.076872e-01 6.690500e-02
4.265842e-01 2.144145e-01 1.476394e-01 6.628220e-03
4.276972e-01 2.034090e-01 7.730365e-02 6.058347e-02
4.299098e-01 2.114144e-01 1.284696e-01 -3.804691e-02
4.233039e-01 2.066965e-01 1.159642e-01 8.288651e-02
4.273903e-01 2.044097e-01 1.181842e-01 -1.522767e-02
4.286254e-01 2.105325e-01 9.520929e-02 1.396914e-01
4.240703e-01 1.988414e-01 1.160907e-01 2.109846e-01
4.237181e-01 2.054276e-01 9.429375e-02 9.300416e-02
4.304063e-01 2.135095e-01 1.435879e-01 -1.523627e-02
4.272709e-01 2.132459e-01 1.282453e-01 8.702454e-02
4.247990e-01 2.135383e-01 1.008573e-01 8.757230e-02
4.272311e-01 2.048467e-01 1.174336e-01 8.348873e-02
4.195768e-01 2.160246e-01 1.090340e-01 4.181335e-02
4.298008e-01 2.091337e-01 6.940315e-02 1.799599e-02
4.301990e-01 2.191141e-01 1.007565e-01 7.410403e-02
4.276936e-01 2.175510e-01 1.097768e-01 1.248255e-01
4.243360e-01 2.067022e-01 1.359802e-01 8.844413e-02
4.289750e-01 2.107264e-01 1.310038e-01 1.016818e-01
4.272306e-01 2.170679e-01 8.895389e-02 2.826314e-02
4.256702e-01 2.053699e-01 1.221336e-01 7.981323e-02
4.306054e-01 2.245466e-01 1.078094e-01 2.351637e-02
4.257189e-01 2.022118e-01 1.049047e-01 -9.638153e-02
4.302132e-01 2.144559e-01 9.189610e-02 8.247399e-02
4.332449e-01 2.237852e-01 1.217405e-01 -1.911236e-02
4.246352e-01 2.103702e-01 1.203022e-01 5.920521e-02
4.282764e-01 2.063705e-01 1.096634e-01 9.180859e-02
4.262408e-01 2.086449e-01 1.121420e-01 3.101547e-02
4.268638e-01 2.091314e-01 6.637517e-02 7.391813e-02
4.256283e-01 2.119458e-01 1.032398e-01 1.192105e-01
4.277436e-01 2.082299e-01 5.028458e-02 6.843277e-02
4.267344e-01 2.109378e-01 7.747737e-02 5.395393e-02
4.310973e-01 2.185394e-01 9.446392e-02 1.644072e-01
4.278053e-01 2.021192e-01 8.336847e-02 9.292405e-02
4.282713e-01 2.153555e-01 8.778119e-02 8.880675e-02
4.246238e-01 2.168762e-01 8.113166e-02 1.440181e-01
4.304849e-01 2.228233e-01 1.427167e-01 2.106277e-01
4.274637e-01 2.238530e-01 1.159719e-01 -1.343254e-03
4.255369e-01 2.094801e-01 1.142430e-01 4.263964e-03
4.305943e-01 2.309472e-01 1.480847e-01 1.830578e-01
4.249436e-01 2.157509e-01 1.366748e-01 -1.058902e-02
4.291227e-01 2.271473e-01 1.351460e-01 7.862064e-03
4.283494e-01 2.234349e-01 1.686012e-01 8.765002e-02
4.260832e-01 2.034980e-01 1.212565e-01 4.331398e-02
4.263492e-01 2.173012e-01 1.105128e-01 1.996140e-01
4.236052e-01 2.096900e-01 1.096790e-01 2.534644e-02
4.173132e-01 1.988210e-01 9.544590e-02 5.419753e-02
4.246874e-01 2.060690e-01 6.617536e-02 2.446806e-02
4.261456e-01 2.053505e-01 8.412737e-02 1.230906e-01
4.301357e-01 2.080005e-01 1.091553e-01 4.413790e-02
4.273504e-01 2.185562e-01 1.223210e-01 1.788660e-02
4.222635e-01 2.100138e-01 8.590641e-02 1.811517e-01
4.273819e-01 1.943812e-01 1.352888e-01 -1.772168e-02
4.258345e-01 2.194351e-01 1.036106e-01 2.971644e-02
4.230027e-01 1.929375e-01 9.785923e-02 7.906959e-03
4.218024e-01 1.968627e-01 6.439611e-02 1.078673e-01
4.273306e-01 2.029118e-01 6.556452e-02 1.297965e-02
4.261831e-01 2.154604e-01 1.171190e-01 1.055958e-01
4.288924e-01 2.163670e-01 1.252105e-01 4.048131e-03
4.285006e-01 2.255308e-01 1.423346e-01 1.467256e-01
4.291905e-01 2.242347e-01 1.167760e-01 4.056351e-02
4.225077e-01 2.092957e-01 1.166107e-01 6.827919e-02
4.254411e-01 2.075264e-01 1.145456e-01 -2.995817e-03
4.284352e-01 2.039567e-01 7.731912e-02 1.700177e-01
4.279888e-01 2.167206e-01 1.022407e-01 1.357231e-01
4.233563e-01 1.942441e-01 1.329344e-01 1.155386e-01
4.275817e-01 2.266554e-01 1.041516e-01 1.008244e-01
4.204461e-01 2.084595e-01 1.119607e-01 -3.840623e-02
4.331907e-01 2.218282e-01 1.180867e-01 -1.960235e-02
4.271367e-01 2.179401e-01 9.469585e-02 1.024831e-01
4.238202e-01 2.047875e-01 1.017270e-01 8.558245e-02
4.254956e-01 1.941936e-01 1.041326e-01 9.112196e-02
4.254233e-01 2.077727e-01 9.825456e-02 3.147671e-02
4.253056e-01 2.018889e-01 1.174851e-01 -2.092628e-02
4.283220e-01 2.032255e-01 8.984290e-02 -3.449476e-02
4.250239e-01 1.993640e-01 9.949151e-02 1.266568e-01
4.252507e-01 2.014211e-01 1.108186e-01 1.331662e-01
4.320075e-01 2.187320e-01 1.644077e-01 7.321265e-02
4.304061e-01 2.159921e-01 1.202991e-01 1.617494e-01
4.284657e-01 2.102607e-01 8.432875e-02 1.951500e-01
4.272276e-01 2.063870e-01 1.201622e-01 1.125822e-01
4.250073e-01 2.131727e-01 1.088546e-01 -5.849647e-02
4.272318e-01 2.096326e-01 1.202153e-01 7.487789e-02
4.326559e-01 2.134587e-01 1.421841e-01 1.435791e-02
4.310161e-01 2.263303e-01 1.354389e-01 1.602060e-02
4.292519e-01 2.157138e-01 1.509144e-01 -8.444021e-03
4.314308e-01 2.082011e-01 8.866822e-02 -2.406918e-02
4.296554e-01 2.191409e-01 1.220361e-01 1.642421e-01
4.263458e-01 2.182522e-01 1.140389e-01 9.888959e-02
4.286014e-01 2.150280e-01 1.176601e-01 1.868958e-01
4.276149e-01 2.070345e-01 1.170233e-01 1.466292e-01
4.267001e-01 2.118984e-01 1.030420e-01 5.038547e-02
4.279066e-01 2.155070e-01 1.321300e-01 -2.295854e-02
4.286585e-01 2.126665e-01 1.220902e-01 -3.159500e-02
4.283882e-01 2.271000e-01 1.440513e-01 1.281820e-01
4.319752e-01 2.188087e-01 1.346942e-01 1.244853e-01
4.255938e-01 2.038335e-01 8.518866e-02 6.626016e-02
4.215877e-01 2.028686e-01 1.245214e-01 8.940671e-02
4.266972e-01 2.166254e-01 1.296140e-01 -1.191826e-01
4.260400e-01 2.051866e-01 8.925648e-02 8.409736e-02
4.306378e-01 2.112385e-01 7.906977e-02 1.160540e-01
4.289470e-01 2.140711e-01 1.102225e-01 5.303591e-02
4.270573e-01 1.997906e-01 6.837177e-02 9.961464e-02
4.275563e-01 2.112669e-01 1.421785e-01 2.877296e-04
4.270520e-01 2.238273e-01 1.202751e-01 1.510626e-01
4.263807e-01 1.995384e-01 1.185943e-01 8.948509e-03
4.261471e-01 2.142368e-01 1.240490e-01 1.530720e-01
4.258459e-01 2.093189e-01 1.231492e-01 1.736938e-01
4.242180e-01 2.230702e-01 8.187734e-02 3.817144e-02
4.360257e-01 2.148629e-01 1.249164e-01 2.012690e-02
4.306688e-01 2.267237e-01 1.155300e-01 9.116303e-02
4.271174e-01 2.279250e-01 1.470085e-01 1.672586e-01
4.238090e-01 2.158584e-01 8.445006e-02 -1.616173e-02
4.329233e-01 2.255190e-01 1.192198e-01 4.724355e-02
4.266425e-01 2.116940e-01 9.313199e-02 8.642878e-02
4.305316e-01 2.155792e-01 1.221667e-01 7.861063e-02
4.232084e-01 2.130653e-01 1.110125e-01 6.099585e-02
4.290642e-01 2.058122e-01 9.371879e-02 4.957615e-02
4.274940e-01 2.357010e-01 1.226898e-01 3.865548e-02
4.303804e-01 2.103585e-01 5.907980e-02 5.530118e-02
4.294539e-01 2.178430e-01 8.673779e-02 7.946527e-02
4.277179e-01 2.222607e-01 1.036975e-01 -7.132192e-02
4.250001e-01 2.102243e-01 1.065879e-01 6.334833e-02
4.274930e-01 2.077281e-01 9.431780e-02 4.749897e-02
4.283468e-01 2.104268e-01 1.200464e-01 4.398294e-02
4.276580e-01 2.233270e-01 1.270888e-01 1.187600e-01
4.291322e-01 2.078248e-01 1.315033e-01 1.976433e-04
4.316619e-01 2.287711e-01 1.027672e-01 1.146130e-01
4.256561e-01 2.087744e-01 9.349438e-02 1.934568e-02
4.269669e-01 2.114162e-01 8.910709e-02 -1.097906e-01
4.301410e-01 2.218819e-01 8.461681e-02 7.193275e-02
4.255629e-01 1.953899e-01 1.065817e-01 7.013045e-02
4.263978e-01 2.063269e-01 1.359632e-01 2.459350e-02
4.277256e-01 2.071408e-01 8.288986e-02 8.572346e-02
4.298095e-01 2.239548e-01 1.730920e-01 1.517730e-01
4.214138e-01 2.007119e-01 1.070030e-01 8.641055e-02
4.263786e-01 2.024632e-01 1.108221e-01 1.699246e-01
4.272943e-01 2.176419e-01 9.107518e-02 3.395008e-02
4.282662e-01 2.196354e-01 1.037085e-01 -4.395869e-02
4.308798e-01 2.127344e-01 1.285115e-01 9.939783e-03
4.225904e-01 2.108162e-01 1.175593e-01 1.927533e-01
4.288931e-01 2.198461e-01 1.167804e-01 8.738967e-02
4.262715e-01 2.202651e-01 1.035924e-01 9.965257e-02
4.274476e-01 2.265074e-01 1.433597e-01 -6.640414e-02
4.290010e-01 2.229146e-01 1.213774e-01 7.732485e-02
4.291653e-01 2.155742e-01 9.183077e-02 6.413958e-03
4.280044e-01 2.130451e-01 7.430023e-02 1.470088e-01
4.277224e-01 1.996726e-01 1.179903e-01 2.453241e-03
4.266718e-01 2.011062e-01 9.025570e-02 2.057217e-01
4.207039e-01 2.020633e-01 1.220872e-01 -9.072233e-03
4.280555e-01 2.074949e-01 1.010490e-01 1.483398e-01
4.333157e-01 2.255260e-01 1.107779e-01 2.257613e-01
4.300147e-01 2.324127e-01 9.227980e-02 1.244723e-01
4.259895e-01 2.025711e-01 8.674491e-02 5.219813e-02
4.282812e-01 2.096164e-01 1.148304e-01 1.709567e-01
4.263185e-01 2.020421e-01 1.014650e-01 1.055541e-01
4.286560e-01 2.259393e-01 1.406647e-01 1.505842e-01
4.248412e-01 2.143670e-01 1.513382e-01 5.673280e-02
4.271072e-01 2.221413e-01 1.083730e-01 -8.860553e-02
4.276646e-01 2.174677e-01 1.007259e-01 1.095213e-01
4.282885e-01 2.136189e-01 1.028560e-01 1.292093e-01
4.309547e-01 2.129934e-01 1.151563e-01 1.417565e-01
4.256205e-01 2.144257e-01 1.209596e-01 1.976236e-02
4.221971e-01 2.097125e-01 1.036276e-01 7.758315e-02
4.297131e-01 2.077751e-01 1.315755e-01 1.352957e-01
4.260598e-01 2.062786e-01 1.427677e-01 8.389304e-02
4.262282e-01 2.178514e-01 1.220104e-01 1.007320e-01
4.275822e-01 2.163774e-01 1.160396e-01 1.542772e-02
4.317592e-01 2.231260e-01 1.430823e-01 1.313292e-01
4.319798e-01 2.232621e-01 1.041741e-01 1.027150e-01
4.279809e-01 2.108603e-01 9.642510e-02 6.145594e-02
4.285104e-01 2.136677e-01 1.371328e-01 -6.899384e-02
4.204191e-01 1.941990e-01 1.176341e-01 9.235976e-02
4.267873e-01 2.341328e-01 1.184474e-01 -1.026755e-01
4.300065e-01 2.123133e-01 1.505874e-01 2.017048e-01
4.273606e-01 2.038629e-01 1.307520e-01 1.437659e-01
4.283968e-01 2.147884e-01 1.131677e-01 1.973864e-02
4.240577e-01 2.055970e-01 1.128566e-01 1.605064e-01
4.310832e-01 2.231662e-01 1.148893e-01 1.349943e-02
4.273368e-01 2.087565e-01 1.183683e-01 -2.156196e-02
4.232816e-01 2.006233e-01 1.096579e-01 -6.017125e-02
4.285422e-01 2.139985e-01 8.493922e-02 1.085982e-01
4.283622e-01 2.180034e-01 1.046093e-01 9.653764e-02
4.215257e-01 2.038627e-01 1.099098e-01 1.046226e-01
4.305567e-01 2.072853e-01 1.132495e-01 9.342822e-02
4.294422e-01 2.115996e-01 6.294756e-02 -3.235565e-02
4.315013e-01 2.176746e-01 1.014068e-01 1.142332e-03
4.273702e-01 2.092504e-01 1.169543e-01 7.979324e-02
4.306210e-01 2.142390e-01 1.113230e-01 1.002652e-01
4.302579e-01 2.192285e-01 7.002576e-02 1.408698e-01
4.280641e-01 2.038801e-01 9.974760e-02 1.317767e-01
4.272726e-01 2.147153e-01 1.061504e-01 6.779890e-02
4.309576e-01 2.145265e-01 1.616214e-01 8.127911e-03
4.290130e-01 2.221739e-01 9.396909e-02 7.577222e-02
4.269728e-01 2.284554e-01 1.315772e-01 1.280759e-01
4.339414e-01 2.209241e-01 1.096226e-01 1.558669e-01
4.325575e-01 2.153702e-01 1.002468e-01 6.816653e-02
4.275679e-01 2.124960e-01 1.175061e-01 1.743619e-01
4.305750e-01 2.056513e-01 1.350047e-01 6.937269e-02
4.264541e-01 1.948400e-01 7.934095e-02 1.159401e-01
4.239467e-01 2.109604e-01 8.204878e-02 1.781578e-01
4.262644e-01 2.075206e-01 8.309284e-02 5.777643e-03
