PARAMETERS
L              10
DIM            4
beta           1.200000
ntherm         5000
nsweep         50000
naccu          50
END PARAMETERS
1.229665e+00
1.239168e+00
1.232029e+00
1.228634e+00
1.235681e+00
1.240608e+00
1.241680e+00
1.232307e+00
1.237703e+00
1.240889e+00
1.238268e+00
1.239771e+00
1.248948e+00
1.236638e+00
1.215978e+00
1.251972e+00
1.238364e+00
1.231549e+00
1.230099e+00
1.243856e+00
1.233697e+00
1.232107e+00
1.237769e+00
1.239151e+00
1.238590e+00
1.245004e+00
1.241087e+00
1.234954e+00
1.224700e+00
1.237096e+00
1.229639e+00
1.244817e+00
1.232133e+00
1.233504e+00
1.240989e+00
1.232683e+00
1.232055e+00
1.236299e+00
1.222976e+00
1.239771e+00
1.243045e+00
1.240075e+00
1.239571e+00
1.239092e+00
1.238143e+00
1.236144e+00
1.247060e+00
1.240946e+00
1.229769e+00
1.235012e+00
1.230982e+00
1.222467e+00
1.242587e+00
1.233517e+00
1.232115e+00
1.238046e+00
1.244273e+00
1.233377e+00
1.245170e+00
1.236521e+00
1.246718e+00
1.236737e+00
1.227632e+00
1.234297e+00
1.235196e+00
1.240703e+00
1.233572e+00
1.239272e+00
1.238200e+00
1.240489e+00
1.235123e+00
1.237614e+00
1.228059e+00
1.237086e+00
1.244545e+00
1.224794e+00
1.236716e+00
1.248418e+00
1.226524e+00
1.230850e+00
1.238804e+00
1.234196e+00
1.236122e+00
1.237773e+00
1.234436e+00
1.231594e+00
1.241887e+00
1.228189e+00
1.235134e+00
1.237773e+00
1.228363e+00
1.241734e+00
1.244830e+00
1.242131e+00
1.231391e+00
1.228205e+00
1.237895e+00
1.230100e+00
1.233755e+00
1.248895e+00
1.231759e+00
1.230879e+00
1.235767e+00
1.240018e+00
1.233747e+00
1.229629e+00
1.238528e+00
1.245400e+00
1.236001e+00
1.230101e+00
1.240206e+00
1.238809e+00
1.229870e+00
1.249368e+00
1.223144e+00
1.238678e+00
1.246934e+00
1.231303e+00
1.246512e+00
1.234169e+00
1.232112e+00
1.235029e+00
1.226925e+00
1.239448e+00
1.239509e+00
1.231156e+00
1.236015e+00
1.222757e+00
1.234993e+00
1.237906e+00
1.236671e+00
1.233448e+00
1.237687e+00
1.234997e+00
1.237218e+00
1.235975e+00
1.230603e+00
1.237751e+00
1.235810e+00
1.231522e+00
1.236204e+00
1.238011e+00
1.228923e+00
1.240427e+00
1.242972e+00
1.241091e+00
1.233185e+00
1.230471e+00
1.237725e+00
1.233964e+00
1.250788e+00
1.240702e+00
1.229917e+00
1.238166e+00
1.221286e+00
1.236678e+00
1.238007e+00
1.236712e+00
1.248187e+00
1.232442e+00
1.230820e+00
1.239664e+00
1.242361e+00
1.227970e+00
1.238762e+00
1.246433e+00
1.225064e+00
1.242938e+00
1.236170e+00
1.246033e+00
1.233990e+00
1.235741e+00
1.243703e+00
1.231143e+00
1.244592e+00
1.230065e+00
1.236311e+00
1.225657e+00
1.239829e+00
1.238022e+00
1.230033e+00
1.235616e+00
1.244709e+00
1.234223e+00
1.232890e+00
1.233776e+00
1.235386e+00
1.239529e+00
1.237451e+00
1.242929e+00
1.231749e+00
1.235033e+00
1.230156e+00
1.240501e+00
1.229059e+00
1.238561e+00
1.243459e+00
1.236935e+00
1.250088e+00
1.228198e+00
1.254143e+00
1.231836e+00
1.230795e+00
1.234931e+00
1.237181e+00
1.241308e+00
1.238455e+00
1.233237e+00
1.243772e+00
1.238080e+00
1.236231e+00
1.228729e+00
1.225218e+00
1.236873e+00
1.240073e+00
1.235841e+00
1.236901e+00
1.233524e+00
1.233934e+00
1.242164e+00
1.224460e+00
1.245887e+00
1.233158e+00
1.231883e+00
1.234115e+00
1.233634e+00
1.227569e+00
1.239655e+00
1.230228e+00
1.230021e+00
1.246204e+00
1.242447e+00
1.232686e+00
1.241084e+00
1.231707e+00
1.225566e+00
1.239656e+00
1.245872e+00
1.239442e+00
1.240516e+00
1.237918e+00
1.251468e+00
1.235235e+00
1.223260e+00
1.236228e+00
1.230425e+00
1.240869e+00
1.242558e+00
1.236851e+00
1.229542e+00
1.235756e+00
1.232590e+00
1.244991e+00
1.241892e+00
1.247588e+00
1.247111e+00
1.246183e+00
1.248409e+00
1.230691e+00
1.237788e+00
1.234968e+00
1.241890e+00
1.237736e+00
1.223608e+00
1.227171e+00
1.228498e+00
1.224726e+00
1.242899e+00
1.229045e+00
1.238587e+00
1.234167e+00
1.236667e+00
1.242028e+00
1.230398e+00
1.238526e+00
1.233740e+00
1.246130e+00
1.247909e+00
1.227043e+00
1.229385e+00
1.235683e+00
1.237658e+00
1.236925e+00
1.239181e+00
1.235639e+00
1.242323e+00
1.234163e+00
1.242091e+00
1.233666e+00
1.240613e+00
1.226567e+00
1.231456e+00
1.245687e+00
1.242410e+00
1.231974e+00
1.241039e+00
1.225797e+00
1.227412e+00
1.241112e+00
1.248086e+00
1.236108e+00
1.230527e+00
1.232125e+00
1.234163e+00
1.254211e+00
1.244580e+00
1.229555e+00
1.237200e+00
1.232043e+00
1.245574e+00
1.232728e+00
1.228730e+00
1.242029e+00
1.233143e+00
1.244957e+00
1.238000e+00
1.227063e+00
1.249965e+00
1.235412e+00
1.234943e+00
1.239213e+00
1.234025e+00
1.236215e+00
1.249128e+00
1.237913e+00
1.230194e+00
1.248987e+00
1.242650e+00
1.234534e+00
1.241615e+00
1.247617e+00
1.237876e+00
1.242505e+00
1.252933e+00
1.236819e+00
1.235989e+00
1.245330e+00
1.244879e+00
1.227083e+00
1.234352e+00
1.242465e+00
1.251631e+00
1.237553e+00
1.225598e+00
1.233397e+00
1.233414e+00
1.237983e+00
1.237995e+00
1.234224e+00
1.247869e+00
1.237900e+00
1.239321e+00
1.237699e+00
1.230362e+00
1.243394e+00
1.241019e+00
1.237650e+00
1.242515e+00
1.235378e+00
1.239203e+00
1.233868e+00
1.234053e+00
1.232599e+00
1.238838e+00
1.238589e+00
1.248474e+00
1.227879e+00
1.244689e+00
1.240513e+00
1.240384e+00
1.246074e+00
1.229957e+00
1.234642e+00
1.238215e+00
1.218387e+00
1.241313e+00
1.236842e+00
1.241931e+00
1.234772e+00
1.228835e+00
1.223034e+00
1.236931e+00
1.234938e+00
1.235717e+00
1.227845e+00
1.238862e+00
1.242986e+00
1.237843e+00
1.237215e+00
1.238065e+00
1.239236e+00
1.245183e+00
1.245126e+00
1.228827e+00
1.240233e+00
1.221312e+00
1.240345e+00
1.238301e+00
1.237584e+00
1.228125e+00
1.228869e+00
1.222825e+00
1.229052e+00
1.233662e+00
1.240304e+00
1.240472e+00
1.240573e+00
1.238496e+00
1.232169e+00
1.225769e+00
1.234031e+00
1.237988e+00
1.248424e+00
1.236684e+00
1.250585e+00
1.233141e+00
1.236443e+00
1.236871e+00
1.233573e+00
1.235430e+00
1.235642e+00
1.234880e+00
1.237065e+00
1.238855e+00
1.237252e+00
1.234622e+00
1.237910e+00
1.251945e+00
1.237496e+00
1.228372e+00
1.240576e+00
1.230125e+00
1.246231e+00
1.242033e+00
1.234195e+00
1.238942e+00
1.243083e+00
1.235822e+00
1.245481e+00
1.243689e+00
1.242680e+00
1.235375e+00
1.239022e+00
1.233832e+00
1.239716e+00
1.244089e+00
1.238065e+00
1.237107e+00
1.242888e+00
1.231826e+00
1.247224e+00
1.235183e+00
1.241061e+00
1.240915e+00
1.239980e+00
1.236565e+00
1.231845e+00
1.232932e+00
1.236531e+00
1.245128e+00
1.249135e+00
1.238087e+00
1.217809e+00
1.240705e+00
1.246672e+00
1.238797e+00
1.238616e+00
1.238349e+00
1.233986e+00
1.238828e+00
1.248684e+00
1.237548e+00
1.241266e+00
1.242910e+00
1.238275e+00
1.255318e+00
1.230028e+00
1.233100e+00
1.235530e+00
1.247874e+00
1.242394e+00
1.226133e+00
1.238185e+00
1.237337e+00
1.232791e+00
1.225547e+00
1.250851e+00
1.235336e+00
1.240971e+00
1.231710e+00
1.231937e+00
1.224128e+00
1.240755e+00
1.228944e+00
1.246802e+00
1.230177e+00
1.228534e+00
1.243630e+00
1.237950e+00
1.234921e+00
1.242101e+00
1.244207e+00
1.237845e+00
1.233482e+00
1.218224e+00
1.238845e+00
1.247089e+00
1.238897e+00
1.228798e+00
1.246966e+00
1.242432e+00
1.256250e+00
1.236481e+00
1.239911e+00
1.223879e+00
1.238599e+00
1.230369e+00
1.249309e+00
1.236912e+00
1.237986e+00
1.239240e+00
1.235499e+00
1.229029e+00
1.241835e+00
1.239753e+00
1.232959e+00
1.241734e+00
1.234181e+00
1.250976e+00
1.237233e+00
1.231859e+00
1.231066e+00
1.233090e+00
1.238232e+00
1.247246e+00
1.238481e+00
1.242327e+00
1.237027e+00
1.240950e+00
1.237535e+00
1.235906e+00
1.246297e+00
1.243526e+00
1.236619e+00
1.240801e+00
1.232680e+00
1.237838e+00
1.226898e+00
1.246460e+00
1.237269e+00
1.225983e+00
1.233205e+00
1.242123e+00
1.233311e+00
1.229156e+00
1.244144e+00
1.240403e+00
1.240086e+00
1.232906e+00
1.244756e+00
1.243734e+00
1.233079e+00
1.228360e+00
1.229186e+00
1.235785e+00
1.230489e+00
1.232160e+00
1.231594e+00
1.243553e+00
1.235398e+00
1.254898e+00
1.224204e+00
1.246072e+00
1.233652e+00
1.226257e+00
1.232965e+00
1.230644e+00
1.242131e+00
1.241712e+00
1.236895e+00
1.232107e+00
1.223801e+00
1.236887e+00
1.252759e+00
1.236175e+00
1.242857e+00
1.225385e+00
1.231759e+00
1.229677e+00
1.230357e+00
1.238062e+00
1.224416e+00
1.245146e+00
1.245292e+00
1.247218e+00
1.232831e+00
1.237567e+00
1.237848e+00
1.221533e+00
1.234771e+00
1.241690e+00
1.241646e+00
1.228777e+00
1.238568e+00
1.234606e+00
1.229096e+00
1.229147e+00
1.233482e+00
1.232593e+00
1.254922e+00
1.248131e+00
1.243096e+00
1.244277e+00
1.232420e+00
1.245750e+00
1.231742e+00
1.233903e+00
1.229044e+00
1.233531e+00
1.230577e+00
1.239903e+00
1.242834e+00
1.235371e+00
1.229521e+00
1.237779e+00
1.244035e+00
1.241268e+00
1.233749e+00
1.244247e+00
1.239508e+00
1.226854e+00
1.238749e+00
1.238327e+00
1.240679e+00
1.248282e+00
1.235202e+00
1.238556e+00
1.237076e+00
1.241782e+00
1.239936e+00
1.228964e+00
1.234777e+00
1.236564e+00
1.238714e+00
1.235363e+00
1.237520e+00
1.228751e+00
1.232150e+00
1.230182e+00
1.232825e+00
1.236021e+00
1.239494e+00
1.239343e+00
1.234218e+00
1.238128e+00
1.248577e+00
1.236369e+00
1.226580e+00
1.237579e+00
1.230137e+00
1.237553e+00
1.235328e+00
1.233262e+00
1.244850e+00
1.237419e+00
1.235409e+00
1.251223e+00
1.235979e+00
1.244321e+00
1.244251e+00
1.238628e+00
1.236795e+00
1.244384e+00
1.238715e+00
1.235980e+00
1.248766e+00
1.238813e+00
1.226588e+00
1.240008e+00
1.230242e+00
1.222490e+00
1.242355e+00
1.234459e+00
1.221045e+00
1.230921e+00
1.243883e+00
1.238184e+00
1.237203e+00
1.236882e+00
1.232975e+00
1.243933e+00
1.234454e+00
1.243601e+00
1.246073e+00
1.230170e+00
1.244044e+00
1.239947e+00
1.239142e+00
1.247289e+00
1.239474e+00
1.229074e+00
1.244634e+00
1.232594e+00
1.225621e+00
1.222167e+00
1.235864e+00
1.226008e+00
1.235734e+00
1.235120e+00
1.238235e+00
1.228105e+00
1.227262e+00
1.250622e+00
1.240914e+00
1.239648e+00
1.233886e+00
1.241389e+00
1.229667e+00
1.259429e+00
1.237072e+00
1.235664e+00
1.233403e+00
1.221172e+00
1.234456e+00
1.235119e+00
1.244172e+00
1.242929e+00
1.229725e+00
1.235779e+00
1.246306e+00
1.231842e+00
1.246833e+00
1.242572e+00
1.241784e+00
1.244229e+00
1.237742e+00
1.232219e+00
1.235988e+00
1.234576e+00
1.244200e+00
1.248922e+00
1.234792e+00
1.236923e+00
1.240424e+00
1.234224e+00
1.242935e+00
1.233589e+00
1.230650e+00
1.228615e+00
1.233326e+00
1.236647e+00
1.233653e+00
1.245688e+00
1.237660e+00
1.225217e+00
1.235851e+00
1.225779e+00
1.231546e+00
1.236349e+00
1.221123e+00
1.242853e+00
1.237279e+00
1.237371e+00
1.241287e+00
1.229515e+00
1.241878e+00
1.233228e+00
1.229503e+00
1.241016e+00
1.240592e+00
1.226882e+00
1.249707e+00
1.228977e+00
1.229510e+00
1.228075e+00
1.235062e+00
1.231651e+00
1.235828e+00
1.237538e+00
1.232524e+00
1.231054e+00
1.230371e+00
1.239114e+00
1.233246e+00
1.233963e+00
1.238135e+00
1.240851e+00
1.231932e+00
1.238656e+00
1.236897e+00
1.244356e+00
1.243591e+00
1.236059e+00
1.238685e+00
1.234042e+00
1.239048e+00
1.244895e+00
1.233979e+00
1.226000e+00
1.248932e+00
1.232097e+00
1.234701e+00
1.231782e+00
1.241202e+00
1.237241e+00
1.235016e+00
1.241533e+00
1.228712e+00
1.244385e+00
1.240031e+00
1.243808e+00
1.224966e+00
1.243783e+00
1.227502e+00
1.243938e+00
1.229693e+00
1.241818e+00
1.234468e+00
1.238979e+00
1.236283e+00
1.239186e+00
1.231292e+00
1.241528e+00
1.242350e+00
1.231004e+00
1.243171e+00
1.229978e+00
1.250619e+00
1.241705e+00
1.241945e+00
1.253950e+00
1.242326e+00
1.244481e+00
1.230351e+00
1.236141e+00
1.242439e+00
1.242698e+00
1.240808e+00
1.234901e+00
1.230874e+00
1.232315e+00
1.229715e+00
1.242579e+00
1.230648e+00
1.239872e+00
1.224104e+00
1.238616e+00
1.233358e+00
1.238358e+00
1.238933e+00
1.237303e+00
1.241576e+00
1.227321e+00
1.228989e+00
1.233436e+00
1.226383e+00
1.241442e+00
1.219587e+00
1.231614e+00
1.235759e+00
1.241593e+00
1.241160e+00
1.234070e+00
1.242703e+00
1.235242e+00
1.239548e+00
1.224472e+00
1.227096e+00
1.232027e+00
1.244136e+00
1.244085e+00
1.229518e+00
1.235357e+00
1.237868e+00
1.243483e+00
1.229753e+00
1.238362e+00
1.234134e+00
1.236818e+00
1.223897e+00
1.238023e+00
1.236360e+00
1.248102e+00
1.215128e+00
1.231060e+00
1.239496e+00
1.238594e+00
1.228240e+00
1.231727e+00
1.230046e+00
1.218338e+00
1.235360e+00
1.238287e+00
1.240082e+00
1.228176e+00
1.241373e+00
1.250815e+00
1.234214e+00
1.229817e+00
1.241971e+00
1.235865e+00
1.244904e+00
1.240066e+00
1.232853e+00
1.233025e+00
1.237610e+00
1.237229e+00
1.234138e+00
1.239729e+00
1.239521e+00
1.247917e+00
1.234897e+00
1.231576e+00
1.233906e+00
1.241436e+00
1.245581e+00
1.237505e+00
1.240161e+00
1.220842e+00
1.240378e+00
1.246488e+00
1.252490e+00
1.230303e+00
1.232041e+00
1.224514e+00
1.234357e+00
1.225532e+00
1.247323e+00
1.234194e+00
1.238141e+00
1.247471e+00
1.234834e+00
1.245991e+00
1.233645e+00
1.245013e+00
1.238956e+00
1.241392e+00
1.244224e+00
1.228668e+00
1.236937e+00
1.224731e+00
1.236350e+00
1.228621e+00
1.243886e+00
1.245475e+00
1.239072e+00
1.234302e+00
1.230545e+00
1.246088e+00
1.235173e+00
1.231238e+00
1.224476e+00
1.239222e+00
1.239406e+00
1.238783e+00
1.238612e+00
1.235832e+00
1.229275e+00
1.240928e+00
1.236022e+00
1.228086e+00
1.241844e+00
1.248583e+00
1.246520e+00
1.237591e+00
1.234352e+00
1.233914e+00
1.239008e+00
1.234967e+00
1.243565e+00
1.244156e+00
1.235951e+00
1.228581e+00
1.246821e+00
1.241583e+00
1.238320e+00
1.234833e+00
1.252555e+00
1.226038e+00
1.233347e+00
1.235977e+00
1.239109e+00
1.238000e+00
1.228360e+00
1.224895e+00
1.239789e+00
1.239205e+00
1.240482e+00
1.238602e+00
1.233892e+00
1.224241e+00
1.240408e+00
1.235969e+00
1.248916e+00
1.238869e+00
1.241894e+00
1.241613e+00
1.224959e+00
1.242728e+00
1.245949e+00
