PARAMETERS
L              10
DIM            4
beta           1.800000
ntherm         5000
nsweep         50000
naccu          50
END PARAMETERS
49 8.167996e-01
99 8.256396e-01
149 8.228259e-01
199 8.224860e-01
249 8.201553e-01
299 8.153677e-01
349 8.236845e-01
399 8.170507e-01
449 8.198433e-01
499 8.114234e-01
549 8.269367e-01
599 8.167459e-01
649 8.153392e-01
699 8.176049e-01
749 8.177625e-01
799 8.093142e-01
849 8.224472e-01
899 8.168535e-01
949 8.315746e-01
999 8.176636e-01
1049 8.155301e-01
1099 8.256106e-01
1149 8.195231e-01
1199 8.182102e-01
1249 8.177440e-01
1299 8.152511e-01
1349 8.169986e-01
1399 8.085861e-01
1449 8.097667e-01
1499 8.214854e-01
1549 8.134705e-01
1599 8.162313e-01
1649 8.166838e-01
1699 8.204446e-01
1749 8.199650e-01
1799 8.141712e-01
1849 8.210314e-01
1899 8.253539e-01
1949 8.174062e-01
1999 8.184220e-01
2049 8.251171e-01
2099 8.206283e-01
2149 8.189836e-01
2199 8.200399e-01
2249 8.156200e-01
2299 8.263645e-01
2349 8.220011e-01
2399 8.232698e-01
2449 8.125846e-01
2499 8.161292e-01
2549 8.157007e-01
2599 8.251365e-01
2649 8.126319e-01
2699 8.254325e-01
2749 8.143210e-01
2799 8.220115e-01
2849 8.154360e-01
2899 8.176325e-01
2949 8.230524e-01
2999 8.160429e-01
3049 8.172714e-01
3099 8.195392e-01
3149 8.163079e-01
3199 8.315417e-01
3249 8.177776e-01
3299 8.245235e-01
3349 8.124834e-01
3399 8.166666e-01
3449 8.248705e-01
3499 8.134220e-01
3549 8.139960e-01
3599 8.224065e-01
3649 8.252071e-01
3699 8.150771e-01
3749 8.179687e-01
3799 8.170443e-01
3849 8.167519e-01
3899 8.148281e-01
3949 8.210895e-01
3999 8.266114e-01
4049 8.193960e-01
4099 8.228022e-01
4149 8.083779e-01
4199 8.241261e-01
4249 8.196229e-01
4299 8.199164e-01
4349 8.199900e-01
4399 8.221649e-01
4449 8.153326e-01
4499 8.204612e-01
4549 8.261659e-01
4599 8.081737e-01
4649 8.213214e-01
4699 8.118369e-01
4749 8.175764e-01
4799 8.226462e-01
4849 8.211899e-01
4899 8.195724e-01
4949 8.186568e-01
4999 8.137534e-01
5049 8.183119e-01
5099 8.152507e-01
5149 8.196126e-01
5199 8.215870e-01
5249 8.199611e-01
5299 8.219980e-01
5349 8.213400e-01
5399 8.268542e-01
5449 8.185212e-01
5499 8.181181e-01
5549 8.159162e-01
5599 8.199714e-01
5649 8.253721e-01
5699 8.130801e-01
5749 8.193588e-01
5799 8.232364e-01
5849 8.159662e-01
5899 8.199693e-01
5949 8.212161e-01
5999 8.151830e-01
6049 8.193196e-01
6099 8.177746e-01
6149 8.241383e-01
6199 8.157663e-01
6249 8.222892e-01
6299 8.160440e-01
6349 8.260478e-01
6399 8.196275e-01
6449 8.203584e-01
6499 8.180099e-01
6549 8.139354e-01
6599 8.106498e-01
6649 8.144370e-01
6699 8.105120e-01
6749 8.154913e-01
6799 8.205672e-01
6849 8.217727e-01
6899 8.219707e-01
6949 8.114698e-01
6999 8.156391e-01
7049 8.152597e-01
7099 8.158473e-01
7149 8.280279e-01
7199 8.211556e-01
7249 8.185841e-01
7299 8.203128e-01
7349 8.231076e-01
7399 8.114209e-01
7449 8.157455e-01
7499 8.139375e-01
7549 8.302584e-01
7599 8.218634e-01
7649 8.168133e-01
7699 8.187248e-01
7749 8.187106e-01
7799 8.195716e-01
7849 8.186040e-01
7899 8.202142e-01
7949 8.129491e-01
7999 8.268334e-01
8049 8.172232e-01
8099 8.236379e-01
8149 8.208268e-01
8199 8.183182e-01
8249 8.146395e-01
8299 8.174328e-01
8349 8.156754e-01
8399 8.251716e-01
8449 8.159544e-01
8499 8.169430e-01
8549 8.165938e-01
8599 8.204428e-01
8649 8.219521e-01
8699 8.220818e-01
8749 8.216231e-01
8799 8.186603e-01
8849 8.238161e-01
8899 8.237636e-01
8949 8.143858e-01
8999 8.162595e-01
9049 8.195811e-01
9099 8.193933e-01
9149 8.142835e-01
9199 8.150848e-01
9249 8.144486e-01
9299 8.204280e-01
9349 8.257385e-01
9399 8.224127e-01
9449 8.171401e-01
9499 8.216426e-01
9549 8.072770e-01
9599 8.218102e-01
9649 8.146787e-01
9699 8.212911e-01
9749 8.114198e-01
9799 8.179269e-01
9849 8.118311e-01
9899 8.193972e-01
9949 8.110547e-01
9999 8.131454e-01
10049 8.142664e-01
10099 8.256152e-01
10149 8.143506e-01
10199 8.167031e-01
10249 8.168297e-01
10299 8.113438e-01
10349 8.148809e-01
10399 8.096728e-01
10449 8.186688e-01
10499 8.204472e-01
10549 8.208345e-01
10599 8.172841e-01
10649 8.224657e-01
10699 8.154537e-01
10749 8.216809e-01
10799 8.235751e-01
10849 8.254774e-01
10899 8.143528e-01
10949 8.207021e-01
10999 8.167670e-01
11049 8.204243e-01
11099 8.223384e-01
11149 8.189302e-01
11199 8.208291e-01
11249 8.172314e-01
11299 8.157869e-01
11349 8.206033e-01
11399 8.294273e-01
11449 8.169696e-01
11499 8.305166e-01
11549 8.104364e-01
11599 8.109231e-01
11649 8.148954e-01
11699 8.160360e-01
11749 8.170882e-01
11799 8.249018e-01
11849 8.204019e-01
11899 8.157560e-01
11949 8.236538e-01
11999 8.130741e-01
12049 8.115758e-01
12099 8.145528e-01
12149 8.266260e-01
12199 8.127245e-01
12249 8.177533e-01
12299 8.139685e-01
12349 8.205831e-01
12399 8.172445e-01
12449 8.081959e-01
12499 8.233183e-01
12549 8.173136e-01
12599 8.172868e-01
12649 8.183172e-01
12699 8.225137e-01
12749 8.208054e-01
12799 8.230033e-01
12849 8.232654e-01
12899 8.193553e-01
12949 8.211457e-01
12999 8.139579e-01
13049 8.174751e-01
13099 8.164178e-01
13149 8.182277e-01
13199 8.193015e-01
13249 8.140422e-01
13299 8.195386e-01
13349 8.110669e-01
13399 8.154000e-01
13449 8.063395e-01
13499 8.100379e-01
13549 8.193885e-01
13599 8.204131e-01
13649 8.192732e-01
13699 8.178047e-01
13749 8.158052e-01
13799 8.266003e-01
13849 8.124788e-01
13899 8.187558e-01
13949 8.199519e-01
13999 8.244438e-01
14049 8.183712e-01
14099 8.174719e-01
14149 8.050327e-01
14199 8.194514e-01
14249 8.155489e-01
14299 8.260434e-01
14349 8.231663e-01
14399 8.139248e-01
14449 8.200669e-01
14499 8.157178e-01
14549 8.063080e-01
14599 8.352417e-01
14649 8.164374e-01
14699 8.166393e-01
14749 8.097837e-01
14799 8.167060e-01
14849 8.188090e-01
14899 8.177874e-01
14949 8.225780e-01
14999 8.175028e-01
15049 8.198934e-01
15099 8.172095e-01
15149 8.089065e-01
15199 8.198198e-01
15249 8.227196e-01
15299 8.113582e-01
15349 8.246671e-01
15399 8.282940e-01
15449 8.179779e-01
15499 8.139261e-01
15549 8.161422e-01
15599 8.148013e-01
15649 8.173521e-01
15699 8.133354e-01
15749 8.252419e-01
15799 8.254954e-01
15849 8.224327e-01
15899 8.132341e-01
15949 8.226235e-01
15999 8.192351e-01
16049 8.176428e-01
16099 8.157095e-01
16149 8.195784e-01
16199 8.133136e-01
16249 8.191957e-01
16299 8.189121e-01
16349 8.149891e-01
16399 8.121441e-01
16449 8.202393e-01
16499 8.139000e-01
16549 8.225818e-01
16599 8.099690e-01
16649 8.129100e-01
16699 8.192129e-01
16749 8.122219e-01
16799 8.203776e-01
16849 8.240191e-01
16899 8.250596e-01
16949 8.160554e-01
16999 8.247590e-01
17049 8.214401e-01
17099 8.221031e-01
17149 8.253139e-01
17199 8.200661e-01
17249 8.209168e-01
17299 8.277102e-01
17349 8.058081e-01
17399 8.232711e-01
17449 8.204951e-01
17499 8.274153e-01
17549 8.111457e-01
17599 8.194247e-01
17649 8.268800e-01
17699 8.231320e-01
17749 8.191920e-01
17799 8.174752e-01
17849 8.164238e-01
17899 8.125880e-01
17949 8.204042e-01
17999 8.186597e-01
18049 8.198990e-01
18099 8.179629e-01
18149 8.199937e-01
18199 8.179930e-01
18249 8.140681e-01
18299 8.201347e-01
18349 8.146903e-01
18399 8.221213e-01
18449 8.228535e-01
18499 8.183741e-01
18549 8.313540e-01
18599 8.204064e-01
18649 8.134540e-01
18699 8.237216e-01
18749 8.150520e-01
18799 8.209966e-01
18849 8.236549e-01
18899 8.252764e-01
18949 8.258101e-01
18999 8.244987e-01
19049 8.226771e-01
19099 8.207488e-01
19149 8.236417e-01
19199 8.199030e-01
19249 8.118775e-01
19299 8.251948e-01
19349 8.163422e-01
19399 8.151699e-01
19449 8.179483e-01
19499 8.210338e-01
19549 8.160807e-01
19599 8.126140e-01
19649 8.176140e-01
19699 8.209843e-01
19749 8.158024e-01
19799 8.120103e-01
19849 8.179320e-01
19899 8.238392e-01
19949 8.181886e-01
19999 8.118512e-01
20049 8.212511e-01
20099 8.170856e-01
20149 8.167751e-01
20199 8.215409e-01
20249 8.261850e-01
20299 8.219320e-01
20349 8.259414e-01
20399 8.286861e-01
20449 8.252545e-01
20499 8.136421e-01
20549 8.144098e-01
20599 8.167428e-01
20649 8.203366e-01
20699 8.062725e-01
20749 8.182060e-01
20799 8.188665e-01
20849 8.215321e-01
20899 8.193127e-01
20949 8.165336e-01
20999 8.140766e-01
21049 8.272031e-01
21099 8.240093e-01
21149 8.156172e-01
21199 8.267961e-01
21249 8.205042e-01
21299 8.259560e-01
21349 8.185442e-01
21399 8.099647e-01
21449 8.138738e-01
21499 8.172852e-01
21549 8.105796e-01
21599 8.194684e-01
21649 8.176526e-01
21699 8.188679e-01
21749 8.224133e-01
21799 8.129405e-01
21849 8.229397e-01
21899 8.201892e-01
21949 8.182877e-01
21999 8.209777e-01
22049 8.138079e-01
22099 8.126451e-01
22149 8.187603e-01
22199 8.168751e-01
22249 8.099928e-01
22299 8.174457e-01
22349 8.280372e-01
22399 8.142692e-01
22449 8.220379e-01
22499 8.146869e-01
22549 8.198119e-01
22599 8.259770e-01
22649 8.214504e-01
22699 8.245181e-01
22749 8.190655e-01
22799 8.187362e-01
22849 8.158421e-01
22899 8.128365e-01
22949 8.151080e-01
22999 8.203500e-01
23049 8.130419e-01
23099 8.159045e-01
23149 8.268577e-01
23199 8.152786e-01
23249 8.174383e-01
23299 8.196574e-01
23349 8.174666e-01
23399 8.158840e-01
23449 8.254416e-01
23499 8.188899e-01
23549 8.111999e-01
23599 8.230259e-01
23649 8.191471e-01
23699 8.174408e-01
23749 8.111950e-01
23799 8.235847e-01
23849 8.137182e-01
23899 8.245916e-01
23949 8.120379e-01
23999 8.197361e-01
24049 8.192060e-01
24099 8.238205e-01
24149 8.106096e-01
24199 8.153916e-01
24249 8.202489e-01
24299 8.149488e-01
24349 8.236584e-01
24399 8.159525e-01
24449 8.167094e-01
24499 8.159773e-01
24549 8.166563e-01
24599 8.263700e-01
24649 8.257756e-01
24699 8.150350e-01
24749 8.152851e-01
24799 8.277720e-01
24849 8.236906e-01
24899 8.221681e-01
24949 8.102884e-01
24999 8.230794e-01
25049 8.175057e-01
25099 8.210410e-01
25149 8.204049e-01
25199 8.217870e-01
25249 8.249188e-01
25299 8.208267e-01
25349 8.188759e-01
25399 8.236614e-01
25449 8.226973e-01
25499 8.115711e-01
25549 8.144028e-01
25599 8.228020e-01
25649 8.121853e-01
25699 8.176689e-01
25749 8.113393e-01
25799 8.274045e-01
25849 8.233313e-01
25899 8.220580e-01
25949 8.162371e-01
25999 8.100478e-01
26049 8.199916e-01
26099 8.166018e-01
26149 8.272332e-01
26199 8.172900e-01
26249 8.123212e-01
26299 8.132111e-01
26349 8.266646e-01
26399 8.212460e-01
26449 8.154171e-01
26499 8.127365e-01
26549 8.283206e-01
26599 8.188001e-01
26649 8.161202e-01
26699 8.238378e-01
26749 8.085943e-01
26799 8.179060e-01
26849 8.212186e-01
26899 8.226927e-01
26949 8.174141e-01
26999 8.159377e-01
27049 8.264988e-01
27099 8.208007e-01
27149 8.237947e-01
27199 8.146206e-01
27249 8.183952e-01
27299 8.046901e-01
27349 8.138545e-01
27399 8.200137e-01
27449 8.211201e-01
27499 8.173586e-01
27549 8.253303e-01
27599 8.291467e-01
27649 8.191678e-01
27699 8.183296e-01
27749 8.168910e-01
27799 8.167700e-01
27849 8.210865e-01
27899 8.115747e-01
27949 8.240985e-01
27999 8.153076e-01
28049 8.163672e-01
28099 8.164877e-01
28149 8.206858e-01
28199 8.165386e-01
28249 8.132385e-01
28299 8.112481e-01
28349 8.219504e-01
28399 8.098136e-01
28449 8.213651e-01
28499 8.099352e-01
28549 8.209292e-01
28599 8.169305e-01
28649 8.124642e-01
28699 8.350354e-01
28749 8.172708e-01
28799 8.187316e-01
28849 8.154980e-01
28899 8.199211e-01
28949 8.087525e-01
28999 8.099321e-01
29049 8.127398e-01
29099 8.220033e-01
29149 8.135760e-01
29199 8.060417e-01
29249 8.129194e-01
29299 8.241938e-01
29349 8.176675e-01
29399 8.202893e-01
29449 8.111848e-01
29499 8.162928e-01
29549 8.109397e-01
29599 8.223527e-01
29649 8.235192e-01
29699 8.221558e-01
29749 8.179048e-01
29799 8.219337e-01
29849 8.179065e-01
29899 8.234158e-01
29949 8.235984e-01
29999 8.225111e-01
30049 8.150012e-01
30099 8.231987e-01
30149 8.137467e-01
30199 8.213952e-01
30249 8.283679e-01
30299 8.179525e-01
30349 8.181172e-01
30399 8.238589e-01
30449 8.140223e-01
30499 8.227642e-01
30549 8.156189e-01
30599 8.135290e-01
30649 8.239600e-01
30699 8.097930e-01
30749 8.205907e-01
30799 8.200567e-01
30849 8.175927e-01
30899 8.179392e-01
30949 8.274288e-01
30999 8.267562e-01
31049 8.216135e-01
31099 8.282495e-01
31149 8.193532e-01
31199 8.160962e-01
31249 8.196531e-01
31299 8.232758e-01
31349 8.178830e-01
31399 8.143485e-01
31449 8.126897e-01
31499 8.172638e-01
31549 8.074090e-01
31599 8.210432e-01
31649 8.206510e-01
31699 8.179526e-01
31749 8.257674e-01
31799 8.270158e-01
31849 8.234580e-01
31899 8.121764e-01
31949 8.198540e-01
31999 8.209305e-01
32049 8.124383e-01
32099 8.249295e-01
32149 8.107984e-01
32199 8.279231e-01
32249 8.130171e-01
32299 8.179370e-01
32349 8.178936e-01
32399 8.234595e-01
32449 8.203742e-01
32499 8.131932e-01
32549 8.198108e-01
32599 8.227570e-01
32649 8.164471e-01
32699 8.124311e-01
32749 8.114518e-01
32799 8.171473e-01
32849 8.274113e-01
32899 8.130566e-01
32949 8.210801e-01
32999 8.181088e-01
33049 8.184334e-01
33099 8.129043e-01
33149 8.165648e-01
33199 8.202332e-01
33249 8.176367e-01
33299 8.218004e-01
33349 8.134166e-01
33399 8.225833e-01
33449 8.118255e-01
33499 8.206865e-01
33549 8.176835e-01
33599 8.140221e-01
33649 8.115466e-01
33699 8.222200e-01
33749 8.182245e-01
33799 8.233903e-01
33849 8.145228e-01
33899 8.193768e-01
33949 8.169677e-01
33999 8.238109e-01
34049 8.212013e-01
34099 8.241401e-01
34149 8.203563e-01
34199 8.191830e-01
34249 8.237938e-01
34299 8.198086e-01
34349 8.170227e-01
34399 8.124510e-01
34449 8.249773e-01
34499 8.243839e-01
34549 8.195182e-01
34599 8.204371e-01
34649 8.193755e-01
34699 8.124985e-01
34749 8.182716e-01
34799 8.159955e-01
34849 8.226309e-01
34899 8.148943e-01
34949 8.289350e-01
34999 8.122293e-01
35049 8.117499e-01
35099 8.228690e-01
35149 8.196720e-01
35199 8.168069e-01
35249 8.296707e-01
35299 8.148354e-01
35349 8.207701e-01
35399 8.181618e-01
35449 8.187426e-01
35499 8.228581e-01
35549 8.118614e-01
35599 8.240835e-01
35649 8.233525e-01
35699 8.201576e-01
35749 8.186349e-01
35799 8.127832e-01
35849 8.139746e-01
35899 8.260411e-01
35949 8.209718e-01
35999 8.231035e-01
36049 8.240249e-01
36099 8.167204e-01
36149 8.315292e-01
36199 8.186139e-01
36249 8.134049e-01
36299 8.203695e-01
36349 8.225535e-01
36399 8.195932e-01
36449 8.233555e-01
36499 8.205762e-01
36549 8.234982e-01
36599 8.269924e-01
36649 8.144300e-01
36699 8.277246e-01
36749 8.176833e-01
36799 8.168415e-01
36849 8.147768e-01
36899 8.200386e-01
36949 8.223704e-01
36999 8.130103e-01
37049 8.277178e-01
37099 8.149255e-01
37149 8.162357e-01
37199 8.161318e-01
37249 8.240289e-01
37299 8.224658e-01
37349 8.196036e-01
37399 8.174914e-01
37449 8.194578e-01
37499 8.322531e-01
37549 8.178249e-01
37599 8.208483e-01
37649 8.236758e-01
37699 8.126570e-01
37749 8.206933e-01
37799 8.124526e-01
37849 8.258128e-01
37899 8.135013e-01
37949 8.104801e-01
37999 8.173636e-01
38049 8.171832e-01
38099 8.253783e-01
38149 8.167842e-01
38199 8.241248e-01
38249 8.132327e-01
38299 8.155944e-01
38349 8.197619e-01
38399 8.185058e-01
38449 8.051692e-01
38499 8.171859e-01
38549 8.233976e-01
38599 8.254231e-01
38649 8.237247e-01
38699 8.199029e-01
38749 8.120547e-01
38799 8.187980e-01
38849 8.163359e-01
38899 8.264012e-01
38949 8.203642e-01
38999 8.170119e-01
39049 8.179822e-01
39099 8.231570e-01
39149 8.173375e-01
39199 8.280920e-01
39249 8.163831e-01
39299 8.092614e-01
39349 8.202466e-01
39399 8.190220e-01
39449 8.282759e-01
39499 8.170383e-01
39549 8.093414e-01
39599 8.173129e-01
39649 8.157079e-01
39699 8.215363e-01
39749 8.177955e-01
39799 8.245905e-01
39849 8.155346e-01
39899 8.198832e-01
39949 8.076126e-01
39999 8.262960e-01
40049 8.119787e-01
40099 8.127539e-01
40149 8.212029e-01
40199 8.098848e-01
40249 8.162470e-01
40299 8.186480e-01
40349 8.247154e-01
40399 8.147339e-01
40449 8.239779e-01
40499 8.196266e-01
40549 8.152026e-01
40599 8.249438e-01
40649 8.158541e-01
40699 8.164399e-01
40749 8.162728e-01
40799 8.126210e-01
40849 8.199315e-01
40899 8.185438e-01
40949 8.168852e-01
40999 8.140073e-01
41049 8.155332e-01
41099 8.165300e-01
41149 8.159438e-01
41199 8.069579e-01
41249 8.147004e-01
41299 8.116095e-01
41349 8.247753e-01
41399 8.235664e-01
41449 8.298972e-01
41499 8.165672e-01
41549 8.212649e-01
41599 8.270653e-01
41649 8.191222e-01
41699 8.213207e-01
41749 8.211884e-01
41799 8.216227e-01
41849 8.252915e-01
41899 8.236472e-01
41949 8.101933e-01
41999 8.141014e-01
42049 8.145825e-01
42099 8.174137e-01
42149 8.188416e-01
42199 8.207039e-01
42249 8.203980e-01
42299 8.181297e-01
42349 8.183114e-01
42399 8.082722e-01
42449 8.167455e-01
42499 8.242729e-01
42549 8.096672e-01
42599 8.233565e-01
42649 8.168439e-01
42699 8.158129e-01
42749 8.151505e-01
42799 8.175770e-01
42849 8.154915e-01
42899 8.240715e-01
42949 8.244488e-01
42999 8.179890e-01
43049 8.319293e-01
43099 8.253096e-01
43149 8.259471e-01
43199 8.267036e-01
43249 8.213051e-01
43299 8.147626e-01
43349 8.159991e-01
43399 8.173969e-01
43449 8.228834e-01
43499 8.164541e-01
43549 8.091952e-01
43599 8.249482e-01
43649 8.156838e-01
43699 8.181454e-01
43749 8.172646e-01
43799 8.192840e-01
43849 8.197309e-01
43899 8.194215e-01
43949 8.239676e-01
43999 8.146146e-01
44049 8.232156e-01
44099 8.161208e-01
44149 8.239842e-01
44199 8.299531e-01
44249 8.167521e-01
44299 8.155620e-01
44349 8.173354e-01
44399 8.163617e-01
44449 8.266093e-01
44499 8.219618e-01
44549 8.227297e-01
44599 8.163956e-01
44649 8.161001e-01
44699 8.235204e-01
44749 8.279183e-01
44799 8.217258e-01
44849 8.203304e-01
44899 8.094074e-01
44949 8.142467e-01
44999 8.260314e-01
45049 8.260856e-01
45099 8.231219e-01
45149 8.064562e-01
45199 8.187474e-01
45249 8.161151e-01
45299 8.270812e-01
45349 8.161738e-01
45399 8.148739e-01
45449 8.184856e-01
45499 8.253949e-01
45549 8.204283e-01
45599 8.195241e-01
45649 8.205720e-01
45699 8.156988e-01
45749 8.223554e-01
45799 8.148098e-01
45849 8.159189e-01
45899 8.193620e-01
45949 8.135371e-01
45999 8.187149e-01
46049 8.131893e-01
46099 8.134153e-01
46149 8.099428e-01
46199 8.118383e-01
46249 8.179703e-01
46299 8.176359e-01
46349 8.236515e-01
46399 8.213823e-01
46449 8.130989e-01
46499 8.228313e-01
46549 8.217656e-01
46599 8.213349e-01
46649 8.124126e-01
46699 8.166452e-01
46749 8.140966e-01
46799 8.215951e-01
46849 8.299478e-01
46899 8.166274e-01
46949 8.183559e-01
46999 8.210766e-01
47049 8.262100e-01
47099 8.196006e-01
47149 8.234651e-01
47199 8.215500e-01
47249 8.133513e-01
47299 8.189470e-01
47349 8.224141e-01
47399 8.155301e-01
47449 8.115740e-01
47499 8.179271e-01
47549 8.188933e-01
47599 8.161433e-01
47649 8.135248e-01
47699 8.104069e-01
47749 8.225957e-01
47799 8.191337e-01
47849 8.090747e-01
47899 8.170455e-01
47949 8.254519e-01
47999 8.205843e-01
48049 8.146906e-01
48099 8.229849e-01
48149 8.151862e-01
48199 8.115488e-01
48249 8.133183e-01
48299 8.110196e-01
48349 8.102612e-01
48399 8.145123e-01
48449 8.228730e-01
48499 8.200407e-01
48549 8.217469e-01
48599 8.137987e-01
48649 8.145370e-01
48699 8.136548e-01
48749 8.175000e-01
48799 8.132282e-01
48849 8.157972e-01
48899 8.186433e-01
48949 8.187946e-01
48999 8.124805e-01
49049 8.137151e-01
49099 8.184320e-01
49149 8.172395e-01
49199 8.137517e-01
49249 8.175684e-01
49299 8.220862e-01
49349 8.176772e-01
49399 8.221017e-01
49449 8.138269e-01
49499 8.177776e-01
49549 8.136375e-01
49599 8.148803e-01
49649 8.187013e-01
49699 8.158082e-01
49749 8.138570e-01
49799 8.113984e-01
49849 8.130520e-01
49899 8.240096e-01
49949 8.165944e-01
49999 8.127144e-01
