PARAMETERS
L              10
DIM            4
beta           2.000000
ntherm         5000
nsweep         50000
naccu          50
END PARAMETERS
6.990510e-01 6.056063e-01 -nan -2.648761e+00
6.929513e-01 5.992829e-01 9.460881e-02 3.028507e-01
6.856794e-01 5.968940e-01 5.036885e-01 -1.368632e+00
6.850919e-01 5.951821e-01 6.986484e-01 -1.245344e+00
6.899497e-01 5.785814e-01 1.184582e+00 -nan
6.975689e-01 5.835826e-01 -2.161663e-01 -nan
6.836990e-01 5.642590e-01 1.412662e+00 2.398979e-01
6.869291e-01 5.970539e-01 4.051266e-01 -nan
6.865917e-01 5.973783e-01 5.060511e-02 -nan
6.938941e-01 5.998056e-01 1.826205e-01 -7.663548e-01
6.846250e-01 5.994779e-01 7.409097e-01 -nan
6.913130e-01 6.252954e-01 1.757011e+00 -nan
6.947999e-01 6.367938e-01 1.284668e+00 -1.392394e+00
6.928850e-01 6.082871e-01 9.874697e-02 -nan
6.926029e-01 5.875287e-01 5.993708e-01 -2.220069e+00
6.858067e-01 6.105439e-01 5.681572e-01 -nan
6.896687e-01 6.032876e-01 1.257685e+00 -nan
6.867651e-01 6.222026e-01 1.833499e-01 -4.056848e-01
6.953946e-01 5.868624e-01 7.722085e-01 8.939385e-01
6.882510e-01 6.083188e-01 2.431812e+00 -4.460009e+00
6.849763e-01 5.731131e-01 -2.091736e-01 -nan
6.922358e-01 5.935599e-01 -9.951938e-02 -nan
6.920575e-01 6.342111e-01 1.484742e+00 -nan
6.920660e-01 6.203183e-01 3.011065e-01 -1.913496e+00
6.935652e-01 5.648980e-01 4.331490e-01 -nan
6.869977e-01 6.176543e-01 6.480533e-01 -nan
6.925518e-01 6.282999e-01 3.515415e+00 -nan
6.824940e-01 5.713080e-01 1.063364e+00 8.226814e-01
6.903282e-01 5.988883e-01 -nan -1.518866e+00
6.796218e-01 5.681608e-01 5.726950e-01 -nan
6.904456e-01 5.663349e-01 -nan -nan
6.927717e-01 6.015459e-01 1.188942e+00 -nan
6.913645e-01 6.067979e-01 9.613699e-01 -2.813429e+00
6.905593e-01 6.433951e-01 1.325322e-01 -nan
6.870544e-01 5.718726e-01 4.597483e-01 -1.598832e+00
6.842217e-01 5.590268e-01 4.043556e-01 -2.869708e-01
6.928171e-01 5.756114e-01 7.653485e-01 5.721885e-01
6.993014e-01 5.876774e-01 8.664043e-01 1.336585e-01
6.936084e-01 6.008930e-01 4.249530e-01 -nan
6.944314e-01 5.567670e-01 3.986914e-01 -nan
6.907836e-01 5.571377e-01 5.756184e-01 -nan
6.985570e-01 6.437281e-01 4.915846e-01 -nan
6.964859e-01 5.978078e-01 1.112119e+00 -nan
7.000568e-01 6.127202e-01 2.650331e-01 -nan
6.927728e-01 5.667483e-01 -3.719395e-02 -1.038201e+00
6.841775e-01 6.104786e-01 3.995896e-01 -nan
6.909810e-01 5.983957e-01 7.190666e-01 -nan
6.894639e-01 5.825207e-01 7.307761e-01 1.924105e+00
6.905481e-01 6.272545e-01 4.541119e-01 7.112270e-01
6.873368e-01 5.885772e-01 1.502196e+00 -nan
6.937759e-01 6.458098e-01 1.294497e-01 2.510497e-01
6.952428e-01 6.682651e-01 -5.152139e-01 -1.161802e+00
6.899941e-01 5.984916e-01 9.230267e-01 -nan
6.950112e-01 6.053876e-01 2.203126e+00 -4.901858e+00
6.908802e-01 5.999710e-01 4.507532e-01 -nan
6.873532e-01 5.830688e-01 2.678410e-01 -nan
6.839001e-01 6.039164e-01 2.897303e-01 -8.495334e+00
6.920179e-01 5.478340e-01 1.075033e+00 -1.794077e+00
6.979468e-01 6.610478e-01 3.877892e-01 -nan
6.914953e-01 6.135186e-01 1.315058e+00 3.202697e+00
6.877722e-01 6.735282e-01 2.113169e+00 -nan
6.942566e-01 5.652257e-01 2.219945e+00 -nan
6.901735e-01 5.801603e-01 7.127261e-01 -nan
6.954003e-01 6.176504e-01 1.148056e-02 -1.382814e+00
6.936591e-01 5.957763e-01 1.125637e+00 2.157359e+00
6.873948e-01 6.071559e-01 7.506710e-01 -nan
6.885322e-01 6.229463e-01 9.723193e-01 -nan
6.906018e-01 5.774622e-01 3.093007e-01 -6.150837e+00
6.917729e-01 6.506753e-01 6.513053e-01 -nan
6.916724e-01 6.092425e-01 7.431051e-01 -1.081815e+01
6.869839e-01 5.974411e-01 1.627673e+00 -nan
6.975318e-01 6.027105e-01 1.483228e+00 -3.115440e-01
6.903691e-01 6.029216e-01 4.807386e-01 -nan
6.965309e-01 6.194769e-01 1.161051e+00 1.525013e+00
6.915684e-01 6.466440e-01 -nan -nan
6.922584e-01 6.130850e-01 9.328158e-02 9.648813e-01
6.895415e-01 6.245083e-01 1.717292e-01 -nan
6.945638e-01 5.697238e-01 8.158183e-01 -nan
6.903452e-01 6.130140e-01 4.370022e+00 -nan
6.911693e-01 6.480199e-01 1.278473e+00 -nan
7.008446e-01 5.903946e-01 4.132232e-01 -3.874016e+00
6.817642e-01 5.900893e-01 8.022244e-01 -nan
6.944829e-01 5.834767e-01 4.712492e-01 -nan
6.904398e-01 5.945208e-01 7.436047e-02 -1.470397e+00
6.835292e-01 5.826844e-01 -5.100931e-02 -3.785146e+00
6.929840e-01 5.662730e-01 2.165491e+00 -1.509816e+00
6.901442e-01 6.302543e-01 1.776875e+00 -nan
6.949487e-01 5.538260e-01 1.496410e-01 -nan
6.928516e-01 5.660233e-01 1.321525e+00 -nan
6.873003e-01 5.834852e-01 6.951019e-01 1.019327e+00
6.884248e-01 6.188250e-01 7.876207e-02 -nan
6.922700e-01 5.893662e-01 1.581637e+00 -nan
6.945915e-01 6.188845e-01 6.885987e-01 -nan
6.957698e-01 6.065924e-01 8.871822e-01 -nan
6.915902e-01 5.867791e-01 8.679506e-02 -1.015174e+00
6.977528e-01 6.364982e-01 -nan -nan
6.922740e-01 5.835211e-01 4.035773e-01 8.459886e-02
6.883893e-01 5.683117e-01 2.940249e-01 9.842428e-01
6.888774e-01 6.212484e-01 2.077771e-01 -1.314673e-01
6.897975e-01 6.206155e-01 -nan 3.976464e+00
6.895794e-01 6.051344e-01 5.559389e-01 -nan
6.945132e-01 6.206382e-01 5.242778e-01 -nan
6.895367e-01 6.274404e-01 2.918374e-01 9.109487e-01
6.844643e-01 6.117967e-01 2.265248e+00 -2.940689e+00
6.939095e-01 6.391834e-01 7.075626e-01 -nan
6.941922e-01 5.989583e-01 2.939439e-01 -nan
6.863151e-01 5.787251e-01 1.966683e-01 -9.609310e-02
6.858085e-01 5.835313e-01 5.307756e-01 -4.744350e-01
6.907098e-01 5.969426e-01 6.231738e-01 -4.332867e-02
6.884887e-01 6.074072e-01 6.727351e-01 -3.258793e+00
6.838054e-01 5.516039e-01 5.438999e-02 -nan
6.977672e-01 6.067795e-01 2.272125e+00 2.141451e+00
6.956291e-01 6.365864e-01 9.576157e-01 -nan
6.939785e-01 5.999152e-01 8.037750e-01 -nan
6.889201e-01 6.044469e-01 6.973817e-01 -2.076091e+00
6.914201e-01 5.534584e-01 2.408634e-01 -nan
6.884883e-01 6.093313e-01 -8.457774e-02 -6.628413e-01
6.996469e-01 6.129352e-01 1.479364e+00 8.827255e-01
6.860014e-01 5.774297e-01 6.717174e-01 -1.787606e+00
6.998046e-01 5.622873e-01 -nan -7.168659e-01
6.834328e-01 5.869085e-01 3.630647e+00 -nan
6.955712e-01 6.413693e-01 5.780469e-01 1.972644e-02
6.886172e-01 6.114404e-01 3.273523e-01 -1.502261e+00
6.787177e-01 5.984204e-01 -2.041712e-01 9.913507e-01
6.782377e-01 6.085547e-01 3.859553e-01 -1.827582e+00
6.833577e-01 5.387818e-01 2.880839e-01 -nan
6.858678e-01 5.912960e-01 1.617628e-01 -2.422617e+00
6.964693e-01 5.910069e-01 2.265327e-01 -2.277531e+00
6.922626e-01 5.985123e-01 5.813584e-01 -nan
6.912876e-01 6.136940e-01 2.549325e+00 -nan
6.930272e-01 6.111651e-01 9.453852e-01 -1.534568e-01
6.851926e-01 5.471363e-01 1.971585e+00 -nan
6.899516e-01 6.986848e-01 4.677908e-01 -nan
6.884831e-01 5.750675e-01 9.720019e-01 5.763180e-01
6.856647e-01 6.041963e-01 2.864179e-01 6.675383e-01
6.920457e-01 6.031817e-01 1.181121e+00 -nan
6.963366e-01 6.170731e-01 8.210850e-01 1.318751e+00
6.958594e-01 5.811593e-01 1.741963e+00 -nan
6.943790e-01 5.840201e-01 4.220400e-01 -nan
6.945142e-01 6.051773e-01 3.324393e-01 -6.890804e+00
6.855540e-01 5.687681e-01 5.335095e-01 2.061221e+00
6.911371e-01 5.988912e-01 5.631401e-01 8.082507e-01
6.882288e-01 6.066367e-01 3.293633e-01 -nan
6.779525e-01 5.904122e-01 5.045876e-01 -2.434621e+00
6.865770e-01 5.951185e-01 4.189993e-01 9.690934e-01
6.944883e-01 6.120323e-01 1.406700e-01 -nan
6.914827e-01 6.323313e-01 3.468638e-01 -1.037105e-01
6.832263e-01 5.630959e-01 -4.435900e-01 -3.014174e-01
6.895370e-01 5.573087e-01 1.715406e+00 -nan
6.904931e-01 5.881777e-01 1.118143e+00 2.319571e-01
6.936786e-01 6.115066e-01 1.098162e+00 -nan
6.911316e-01 5.792983e-01 3.089572e-01 4.504053e-01
6.807155e-01 5.701733e-01 3.217887e-01 -3.428751e+00
6.935676e-01 5.819312e-01 3.914313e-01 -nan
6.909640e-01 5.536044e-01 7.581593e-01 6.039169e-01
6.944757e-01 6.408060e-01 -nan 1.209883e+00
6.916931e-01 5.852088e-01 3.337645e-01 -5.751113e+00
6.838060e-01 5.517908e-01 5.134335e-01 2.187391e+00
6.828361e-01 5.929799e-01 7.424602e-01 -nan
6.839748e-01 5.770870e-01 5.632737e-01 -nan
6.883436e-01 5.860842e-01 2.744257e-01 -nan
6.914638e-01 5.723730e-01 5.411846e-01 -nan
6.893665e-01 5.709602e-01 2.749039e+00 1.851458e+00
6.881465e-01 5.998891e-01 1.236998e+00 -nan
6.896743e-01 5.781618e-01 6.820623e-01 -2.774396e+00
6.960584e-01 5.989455e-01 7.551177e-02 -nan
6.918226e-01 5.522992e-01 9.420558e-01 -nan
6.898196e-01 5.894841e-01 8.940362e-01 -nan
6.838181e-01 5.980141e-01 8.256220e-01 -nan
6.973747e-01 5.865618e-01 1.945104e-01 -nan
6.929422e-01 6.356522e-01 -2.654063e-01 -1.374626e+00
6.828718e-01 6.041528e-01 3.224654e-01 -1.287713e+00
7.012017e-01 6.266142e-01 -4.120940e-01 -nan
6.930881e-01 6.075406e-01 1.592470e-01 -1.048842e+00
6.933505e-01 6.098715e-01 1.553694e+00 5.474705e-02
6.855389e-01 6.151475e-01 1.424050e+00 -1.291131e+00
6.882212e-01 5.716328e-01 1.250143e-01 -nan
7.007217e-01 6.445914e-01 8.246213e-01 -nan
6.841603e-01 5.588812e-01 -nan 2.175147e+00
6.872740e-01 5.884831e-01 3.258931e-02 4.567878e-02
6.928219e-01 6.279500e-01 9.655521e-01 -1.810355e-01
6.886965e-01 6.073823e-01 6.557901e-01 -1.066411e+00
6.867656e-01 5.882615e-01 3.737597e-02 -3.822943e+00
6.879246e-01 5.946087e-01 7.056288e-01 -nan
6.961810e-01 6.099131e-01 -4.025221e-01 -1.962507e+00
6.831740e-01 6.053192e-01 -3.108988e-01 -2.256180e-01
6.887159e-01 5.927757e-01 8.147981e-01 -nan
6.894717e-01 5.866501e-01 2.374649e-01 -nan
6.909577e-01 5.823396e-01 -1.137160e-01 3.974172e-01
6.903898e-01 6.197940e-01 4.366098e-01 -nan
6.960362e-01 5.205509e-01 5.713483e-01 -9.356607e-01
6.734341e-01 5.970374e-01 2.325066e+00 -nan
6.940500e-01 5.463947e-01 2.443107e+00 -nan
6.918990e-01 5.626774e-01 9.446062e-02 -nan
6.850504e-01 6.429667e-01 -nan -nan
6.896843e-01 5.743123e-01 7.662559e-01 -2.362173e+00
6.945112e-01 6.095555e-01 -4.173886e-01 -2.946318e+00
6.952369e-01 6.188065e-01 9.346356e-01 -6.543464e-01
6.987440e-01 6.487913e-01 1.255391e+00 -nan
6.873215e-01 5.930398e-01 3.936487e-01 -8.789668e-01
6.909757e-01 6.018197e-01 3.302289e-01 -9.098723e-01
6.959185e-01 6.222933e-01 1.420093e-01 -nan
6.964579e-01 6.177911e-01 7.153214e-01 -nan
6.940381e-01 6.254825e-01 -7.726781e-03 -2.752585e-01
6.934712e-01 6.054068e-01 4.573475e-02 -nan
6.897743e-01 6.157760e-01 2.068184e-01 -nan
6.909808e-01 6.406668e-01 4.376308e-01 -2.775663e-01
6.893790e-01 5.957453e-01 3.056187e+00 -nan
6.855993e-01 6.297351e-01 6.660766e-01 -8.722534e-01
6.922126e-01 5.756775e-01 5.692526e-01 7.169349e-01
6.851695e-01 5.895999e-01 2.895796e-01 -nan
6.901460e-01 5.941222e-01 2.267451e+00 -nan
6.866380e-01 5.737186e-01 4.726184e-01 -nan
6.838630e-01 5.990486e-01 1.757806e+00 -nan
6.825349e-01 6.104105e-01 -6.152385e-02 -nan
6.893450e-01 6.223705e-01 1.534837e-01 -nan
6.912111e-01 6.115228e-01 2.981339e-02 7.147482e-01
6.892170e-01 5.650150e-01 1.972421e-01 2.461141e+00
6.934918e-01 5.885482e-01 1.962199e+00 -nan
6.866470e-01 6.136580e-01 4.946220e-01 -5.189502e+00
6.907172e-01 5.501828e-01 1.259239e+00 -nan
6.858557e-01 6.098662e-01 4.682291e-01 1.375751e+00
6.941785e-01 6.224221e-01 1.123479e-01 1.579512e+00
6.915366e-01 6.154429e-01 9.346852e-02 -2.296465e+00
7.058849e-01 5.798481e-01 6.779696e-01 -1.587903e-01
6.942723e-01 6.225349e-01 1.204076e+00 -nan
6.945276e-01 5.615875e-01 1.681754e-01 -nan
6.888808e-01 6.249616e-01 6.916392e-01 -nan
6.995427e-01 6.005834e-01 2.581594e-01 -4.726201e+00
6.876031e-01 5.722663e-01 1.421000e+00 2.976614e-02
6.964095e-01 6.165379e-01 9.393030e-01 -3.178356e-01
6.914253e-01 6.038768e-01 8.962763e-01 -1.848655e+00
6.938405e-01 5.920192e-01 4.248658e-01 3.186722e-01
6.917885e-01 6.250516e-01 9.904977e-01 -nan
6.949927e-01 5.794320e-01 9.928956e-01 -1.192431e+00
6.922923e-01 5.672247e-01 4.921986e-01 -nan
6.942930e-01 5.741287e-01 -nan -nan
6.874769e-01 6.269761e-01 7.388012e-01 1.205437e+00
6.877086e-01 6.405506e-01 4.664505e-01 -nan
6.839864e-01 6.055831e-01 1.128202e+00 1.110542e+00
6.929542e-01 5.842667e-01 -1.003089e-01 -1.895871e-01
6.882894e-01 5.996012e-01 1.177033e+00 3.901177e-01
6.868425e-01 6.044841e-01 9.648779e-01 -1.142111e+00
6.889399e-01 5.602501e-01 3.899219e-01 -nan
6.910049e-01 6.173226e-01 9.512247e-01 -nan
6.952084e-01 6.283927e-01 6.920672e-01 -nan
6.881974e-01 5.717500e-01 1.143406e+00 -nan
6.954957e-01 6.014551e-01 6.169666e-01 -nan
6.859808e-01 5.570403e-01 2.082539e+00 -nan
6.903644e-01 5.601825e-01 6.430201e-02 4.242869e-01
6.917442e-01 6.059593e-01 6.554768e-02 -3.441944e+00
6.975623e-01 6.152708e-01 6.208511e-01 -4.740960e+00
6.914178e-01 5.835489e-01 3.070974e-02 -nan
6.874825e-01 5.716685e-01 6.642577e-01 -1.525571e-01
6.892151e-01 6.064012e-01 4.066780e-03 -nan
6.857699e-01 6.249179e-01 2.162957e-01 -nan
6.874685e-01 5.927230e-01 2.953659e-01 -3.060318e-01
6.901573e-01 5.995036e-01 7.819858e-01 2.048851e+00
6.854247e-01 5.660591e-01 2.548073e+00 -nan
6.917931e-01 6.242901e-01 1.980362e+00 -nan
6.908021e-01 5.804612e-01 2.240928e+00 -nan
6.888670e-01 5.922982e-01 6.953648e-01 -3.817147e+00
6.832468e-01 5.434360e-01 1.584769e+00 -nan
6.892920e-01 6.210199e-01 -5.827835e-02 -nan
6.909376e-01 6.028843e-01 3.057908e-01 -7.915006e-01
6.913133e-01 6.358258e-01 2.033490e+00 4.444278e+00
6.922468e-01 5.921237e-01 5.067723e-01 -1.520326e+00
6.896210e-01 6.096548e-01 4.680685e-01 -nan
6.972660e-01 6.161810e-01 -nan 1.633546e+00
6.926682e-01 5.696999e-01 -1.779863e-01 -1.279557e+00
6.952255e-01 6.386163e-01 2.648272e+00 -nan
6.911087e-01 5.833878e-01 -nan -nan
6.915623e-01 5.992032e-01 2.806841e+00 1.404821e+00
6.913425e-01 6.268699e-01 -3.810571e-02 -8.883022e-01
6.794609e-01 5.443564e-01 4.361691e-02 -4.740806e+00
6.863177e-01 5.654722e-01 4.762502e-01 -nan
6.887616e-01 5.826572e-01 8.803753e-01 -nan
6.842695e-01 5.835282e-01 1.006634e+00 -4.368388e-01
6.877856e-01 5.863753e-01 5.597048e-01 -1.340785e+00
6.846999e-01 5.344392e-01 9.452009e-02 -1.832582e+00
6.845499e-01 5.909213e-01 7.513032e-01 -1.680886e+00
6.940632e-01 6.072085e-01 3.223832e-01 -nan
6.955027e-01 6.456985e-01 4.900248e-01 -1.000124e+00
6.892024e-01 6.222648e-01 -nan -2.251634e+00
6.792228e-01 5.532620e-01 1.869900e+00 -nan
6.923767e-01 5.691359e-01 1.291045e-01 -1.573010e+00
6.917759e-01 5.646235e-01 3.432995e-01 -nan
6.896044e-01 6.649107e-01 6.720355e-01 6.057361e-01
6.949099e-01 5.748376e-01 6.048249e-01 -3.170330e+00
6.936291e-01 5.944164e-01 4.640530e-01 -3.204083e+00
6.892489e-01 5.901568e-01 -nan -nan
6.822270e-01 6.144961e-01 3.840895e-01 -nan
6.899688e-01 6.130208e-01 1.008608e+00 -nan
6.838523e-01 5.931948e-01 1.119274e+00 -5.542294e+00
6.864539e-01 5.842450e-01 1.410697e+00 -nan
6.831213e-01 5.806408e-01 4.122351e-01 -nan
6.901703e-01 5.420310e-01 5.508709e-01 -1.517917e+00
6.721096e-01 5.892502e-01 1.780786e-01 -1.285735e+00
6.830512e-01 5.980813e-01 1.578497e+00 -nan
6.924191e-01 5.652621e-01 2.120567e-01 -nan
6.959926e-01 5.749745e-01 5.524991e-01 -nan
6.932028e-01 5.905749e-01 7.270643e-01 -1.559275e-01
6.967979e-01 5.721082e-01 3.887484e-01 -nan
6.929635e-01 5.691908e-01 1.576168e-01 -9.567471e-01
6.830242e-01 6.016585e-01 -3.342287e-01 -2.540640e+00
6.869761e-01 5.871099e-01 6.565214e-01 2.637679e+00
6.888083e-01 5.515608e-01 9.435328e-01 -nan
6.909473e-01 5.837990e-01 7.543281e-01 -nan
6.967376e-01 6.141057e-01 9.461887e-01 -nan
6.963243e-01 5.861532e-01 1.504947e-01 1.057804e-01
6.807103e-01 6.109689e-01 1.770628e+00 -nan
6.954245e-01 5.843270e-01 5.912916e-01 -1.130106e+00
6.950922e-01 6.126318e-01 -6.056012e-03 -nan
6.937849e-01 5.741629e-01 -nan -nan
6.971544e-01 6.076103e-01 1.650004e+00 -3.563107e-01
6.916449e-01 5.883672e-01 9.965732e-01 -nan
6.902027e-01 6.320794e-01 1.342030e-01 -2.011544e+00
6.962226e-01 6.306806e-01 8.999797e-01 -5.200181e+00
6.901348e-01 6.275389e-01 3.688613e+00 -nan
6.973708e-01 5.989174e-01 2.525094e-01 -4.357565e+00
6.819585e-01 6.197377e-01 2.618342e+00 -nan
6.904004e-01 6.725290e-01 9.496275e-01 -nan
6.886757e-01 6.213275e-01 9.742534e-02 1.210120e+00
6.878785e-01 6.230609e-01 2.096849e-01 -4.260527e+00
6.912999e-01 5.957980e-01 2.914538e-01 -3.073918e+00
6.912995e-01 5.843907e-01 -3.911029e-02 -nan
6.924744e-01 5.462952e-01 1.145588e-01 -nan
6.934724e-01 5.670392e-01 1.132352e-02 -nan
6.916664e-01 5.783117e-01 5.666330e-01 -nan
6.829694e-01 6.068149e-01 3.269209e-01 -nan
6.955512e-01 6.342378e-01 6.345980e-02 1.950334e+00
6.965408e-01 6.277402e-01 3.282463e-01 -1.539782e+00
6.840991e-01 5.648047e-01 1.623374e+00 -6.215959e-02
6.935396e-01 5.575322e-01 5.613785e-01 -2.215799e+00
6.962010e-01 6.009121e-01 9.373405e-01 -nan
6.869928e-01 5.978365e-01 8.181864e-01 -nan
6.884430e-01 5.796221e-01 -2.156670e-01 -nan
6.851158e-01 5.691296e-01 1.409678e+00 -nan
6.949694e-01 6.229390e-01 1.620113e+00 -1.216250e+00
6.908394e-01 6.020682e-01 -nan -nan
6.888010e-01 5.891559e-01 2.751268e-01 -nan
6.844819e-01 5.692795e-01 3.007121e-01 -4.948431e-01
6.909378e-01 5.820249e-01 -5.091957e-02 -nan
6.866722e-01 6.635582e-01 1.408909e-02 -1.722255e+00
6.818621e-01 6.090651e-01 2.115517e-01 -nan
6.990262e-01 6.049651e-01 1.586028e+00 -3.393322e-01
6.950656e-01 5.952104e-01 7.811489e-01 -nan
6.960745e-01 6.018703e-01 3.117968e-01 -nan
6.949143e-01 6.017493e-01 9.308521e-01 -2.055470e+00
6.923096e-01 5.927303e-01 5.269846e-01 -6.679999e-02
6.935302e-01 6.024945e-01 5.153713e-01 -9.740874e-01
6.867635e-01 5.885897e-01 7.489479e-01 -nan
6.883033e-01 6.357537e-01 2.847660e+00 -nan
6.935876e-01 6.018144e-01 1.608947e-01 -9.506996e+00
6.927487e-01 6.059428e-01 1.309439e+00 -nan
6.942410e-01 5.887358e-01 2.888974e-01 -nan
6.884349e-01 6.215454e-01 4.688725e-01 -nan
6.890087e-01 6.022317e-01 1.526318e+00 1.817136e-01
6.952087e-01 5.813045e-01 8.500825e-01 -4.029802e-01
6.888690e-01 6.024987e-01 8.697196e-01 -nan
6.874096e-01 5.603964e-01 1.729137e-03 -nan
6.855294e-01 5.934604e-01 6.983705e-01 1.694399e+00
6.985998e-01 5.758603e-01 4.951176e-01 -1.882805e+00
7.011601e-01 6.213625e-01 1.264840e+00 -nan
6.881682e-01 5.985412e-01 3.867128e-01 -nan
6.919887e-01 6.449419e-01 -nan -4.759195e+00
6.845331e-01 5.966525e-01 3.598285e-01 -nan
6.915512e-01 5.849899e-01 2.464885e-01 -4.064805e+00
6.978840e-01 6.652754e-01 8.395775e-01 -nan
6.901860e-01 5.811756e-01 5.099798e-01 1.855091e+00
6.927012e-01 5.882493e-01 4.556086e-01 -nan
6.905980e-01 6.416306e-01 1.009852e+00 4.175430e+00
6.958911e-01 6.105157e-01 3.767765e-01 -1.712124e+00
6.870335e-01 5.725710e-01 7.751484e-01 -nan
6.889131e-01 5.513493e-01 7.650439e-01 -3.321629e+00
6.917363e-01 6.059814e-01 4.759591e-01 -nan
6.911330e-01 6.061516e-01 7.678270e-01 -1.493319e+00
6.941140e-01 6.175309e-01 -nan -2.074718e+00
7.033145e-01 5.821288e-01 1.293477e+00 -nan
6.862198e-01 6.246078e-01 5.573119e-01 -nan
6.893809e-01 5.739638e-01 -1.318306e-01 -nan
6.908172e-01 6.065183e-01 3.036358e+00 -nan
6.884012e-01 6.238266e-01 5.419156e-01 -nan
6.919959e-01 6.177158e-01 4.256706e+00 -nan
6.985835e-01 6.241897e-01 6.834195e-01 1.766344e+00
6.851842e-01 6.008582e-01 2.898404e-01 -3.892176e+00
6.769309e-01 5.712051e-01 1.277969e-01 -3.485380e+00
6.879434e-01 6.197427e-01 -2.099226e-01 -nan
6.965917e-01 6.358760e-01 5.011138e-01 -2.755654e+00
6.877720e-01 5.624973e-01 4.402566e-01 -nan
6.923251e-01 5.828100e-01 1.451755e-02 2.323178e-01
6.723069e-01 5.781681e-01 5.178841e-01 -3.952732e+00
6.878112e-01 5.907677e-01 1.323964e-01 -nan
6.786126e-01 5.916553e-01 8.974525e-01 5.952881e-01
6.913531e-01 6.581251e-01 2.176933e-01 -nan
6.921056e-01 6.307316e-01 -3.461315e-02 -nan
6.959846e-01 5.891205e-01 5.184937e-01 -nan
7.000251e-01 6.050103e-01 6.094497e-01 -2.960209e+00
6.899797e-01 6.007554e-01 -1.241456e-01 -nan
6.946511e-01 6.039780e-01 1.038552e+00 6.056334e-01
6.906146e-01 6.037631e-01 6.468641e-01 -nan
6.917959e-01 6.501512e-01 2.557167e-01 -nan
6.820001e-01 5.677750e-01 1.588045e+00 7.397200e-01
6.901465e-01 6.129139e-01 2.401273e-01 -nan
6.870279e-01 6.035607e-01 5.753782e-02 -1.221760e+00
6.945111e-01 6.488352e-01 2.763445e-01 -nan
6.964752e-01 5.826958e-01 -nan -nan
6.862899e-01 5.993913e-01 4.100866e-01 -nan
6.771662e-01 5.671572e-01 1.231341e+00 -nan
7.017872e-01 6.584977e-01 9.244145e-02 9.931191e-01
6.888231e-01 6.073420e-01 1.306407e+00 -nan
6.860985e-01 5.856274e-01 -nan -2.492459e-01
6.873283e-01 6.004560e-01 4.536201e-01 1.838328e+00
6.948548e-01 6.018749e-01 8.122314e-01 -1.958009e+00
6.922713e-01 6.255714e-01 5.280222e-01 -nan
7.049909e-01 6.193692e-01 8.928975e-01 -nan
6.983964e-01 5.950641e-01 3.806314e-01 -nan
6.831897e-01 6.213484e-01 7.020674e-02 -1.931934e-01
6.980919e-01 5.628564e-01 4.601553e-01 -7.906335e-01
6.968610e-01 6.190188e-01 3.601595e+00 -nan
6.922350e-01 5.673696e-01 -7.178996e-03 -3.645577e+00
6.948047e-01 5.990441e-01 9.560166e-02 -4.806370e+00
6.966585e-01 5.896272e-01 -nan -5.122494e-01
6.983668e-01 6.533830e-01 1.478892e+00 -nan
6.867770e-01 5.542313e-01 2.226715e-01 -5.359577e+00
6.912389e-01 5.723115e-01 1.142107e-01 -nan
6.902017e-01 5.751185e-01 2.255961e-01 -3.401203e+00
6.935340e-01 6.250309e-01 4.150713e+00 -nan
6.903473e-01 6.166083e-01 -1.075387e-01 -nan
6.947492e-01 6.023767e-01 1.368188e+00 -8.912776e-01
6.900298e-01 6.180343e-01 -nan 1.042286e+00
6.901472e-01 5.930100e-01 -nan 8.669616e-01
6.936900e-01 6.121381e-01 -5.739672e-02 -3.317332e+00
6.870502e-01 5.606274e-01 3.385001e-01 -9.656620e-01
6.944870e-01 6.216184e-01 3.081694e-02 -nan
6.909172e-01 6.099269e-01 2.083864e+00 -5.909859e-01
6.932368e-01 6.044973e-01 3.444003e-01 -3.557384e+00
6.961765e-01 6.327374e-01 2.374695e-01 -3.883862e-01
6.858678e-01 5.686993e-01 3.404345e-01 -nan
6.885064e-01 6.012272e-01 8.320199e-01 -nan
6.889536e-01 5.615255e-01 7.056654e-01 -nan
6.856806e-01 5.898615e-01 -9.097480e-03 8.755351e-02
6.943370e-01 6.329785e-01 1.090449e+00 9.895558e-01
6.900461e-01 6.637775e-01 1.282491e+00 1.336940e+00
6.896707e-01 5.835948e-01 7.950119e-01 -nan
6.926038e-01 6.479225e-01 1.398350e-01 -2.367921e+00
6.929417e-01 5.614978e-01 2.812600e-01 -nan
6.873890e-01 6.176993e-01 3.570449e-01 3.380340e-01
6.932335e-01 5.725513e-01 2.100428e-01 -3.704255e+00
6.925595e-01 6.488483e-01 -nan -4.513057e-01
6.950306e-01 6.270905e-01 -2.553360e-01 -2.285121e-01
6.862133e-01 6.160245e-01 3.599084e-01 -3.151781e+00
6.946035e-01 6.262981e-01 3.840116e-02 -2.042222e+00
6.911416e-01 6.262157e-01 2.108938e+00 1.081976e+00
6.896647e-01 6.083387e-01 1.351899e-01 -nan
6.945937e-01 6.145701e-01 5.283309e-01 -2.787990e-02
6.891388e-01 6.146685e-01 -7.865027e-02 -1.277736e+00
6.915881e-01 5.640324e-01 1.521201e-01 -nan
6.863855e-01 6.591795e-01 1.225323e+00 4.910804e-01
6.994472e-01 6.354035e-01 -nan -nan
6.902055e-01 5.874192e-01 5.815452e-02 -4.498603e-01
6.910459e-01 5.734556e-01 2.145903e+00 -4.248530e+00
6.922856e-01 6.050798e-01 -7.282826e-02 -nan
6.923442e-01 6.608391e-01 1.433701e+00 1.183846e+00
6.956407e-01 6.731222e-01 -nan -7.645402e-01
6.961421e-01 6.136286e-01 2.591687e+00 -4.975828e-02
6.889356e-01 6.046225e-01 -nan 1.449467e+00
6.905548e-01 6.073882e-01 2.379629e-01 -nan
6.918492e-01 6.360675e-01 -7.455033e-02 -nan
6.953778e-01 6.322698e-01 5.585812e-01 -nan
6.876183e-01 6.228366e-01 6.434613e-01 -nan
6.855160e-01 5.827941e-01 5.028201e-01 -2.486830e-01
6.928247e-01 6.029525e-01 2.804982e-01 -nan
6.855335e-01 5.716736e-01 3.137298e-01 -nan
6.838225e-01 5.926164e-01 5.419685e-01 -nan
6.884323e-01 6.125713e-01 2.442755e-01 -nan
6.891873e-01 6.369206e-01 1.113890e+00 -nan
6.912497e-01 5.993398e-01 1.106496e+00 -nan
6.947524e-01 6.256593e-01 4.327215e-01 -nan
6.892584e-01 6.218766e-01 1.290916e-01 -nan
6.889080e-01 5.634083e-01 2.257025e-01 -nan
6.878921e-01 5.944372e-01 6.414917e-01 -nan
6.941862e-01 5.755463e-01 7.095961e-01 -nan
6.866929e-01 6.148802e-01 9.725441e-01 -nan
6.913420e-01 5.701750e-01 -5.031649e-02 -1.841444e-01
6.865956e-01 5.947944e-01 2.070192e-01 -nan
6.939700e-01 6.149315e-01 8.835997e-01 -4.210985e+00
6.840069e-01 5.860193e-01 7.710498e-01 -nan
6.909193e-01 6.165518e-01 5.772528e-01 -nan
6.978179e-01 5.945787e-01 2.267709e+00 -nan
6.930679e-01 5.938729e-01 5.067445e-01 3.959527e-01
6.945573e-01 6.116818e-01 3.466587e-01 -nan
6.935983e-01 5.713923e-01 1.054610e+00 4.946389e-01
6.972736e-01 6.185953e-01 -nan -nan
6.904713e-01 6.320752e-01 5.601648e-01 -nan
6.847937e-01 6.023527e-01 1.885041e+00 -1.289987e+00
7.016543e-01 5.989506e-01 3.700708e+00 3.289522e+00
6.948160e-01 6.095289e-01 2.686285e+00 -nan
6.952386e-01 5.912584e-01 1.650655e-01 -3.780519e+00
6.965792e-01 6.315248e-01 -nan 6.689058e-01
6.884879e-01 6.144651e-01 1.992714e+00 -3.403840e+00
6.845923e-01 5.803212e-01 4.974216e-01 -5.421799e-01
6.846294e-01 6.139095e-01 -nan 1.741062e+00
6.985762e-01 5.927839e-01 4.388747e-01 -nan
6.943921e-01 6.163018e-01 1.999535e-01 -nan
6.996204e-01 6.578995e-01 -nan 2.831568e-02
7.018949e-01 6.107094e-01 6.942434e-01 -6.741221e-01
6.861956e-01 5.841380e-01 -nan 1.733094e+00
6.858987e-01 6.175638e-01 -2.861867e-01 -1.644622e+00
7.004172e-01 6.418571e-01 2.510447e-01 -nan
6.873494e-01 6.098511e-01 -nan -nan
6.961992e-01 5.918939e-01 -3.085408e-01 -4.194087e+00
6.896096e-01 6.370046e-01 7.025685e-01 -nan
6.925239e-01 6.287728e-01 1.725031e-01 -3.954015e+00
6.910950e-01 5.892259e-01 3.517010e-01 -2.159851e+00
6.933688e-01 5.993976e-01 -nan -nan
6.862030e-01 5.792362e-01 1.348825e+00 -nan
6.972239e-01 5.813750e-01 2.161392e-01 -nan
6.855765e-01 6.381908e-01 9.400512e-01 -nan
6.944247e-01 5.808798e-01 -2.298475e-01 -5.763637e-02
6.904633e-01 5.999961e-01 1.101683e-01 -3.143210e+00
6.937037e-01 6.353239e-01 3.256487e+00 -nan
6.857524e-01 5.698072e-01 1.813662e-01 -nan
6.887230e-01 6.155703e-01 -nan -2.930009e+00
6.867427e-01 6.031378e-01 2.360102e-01 -nan
6.918817e-01 5.865050e-01 7.429180e-01 -nan
6.894153e-01 6.161984e-01 9.872185e-02 1.317803e+00
6.945813e-01 6.306004e-01 7.292706e-01 -2.064240e-01
6.846856e-01 6.057160e-01 -nan -nan
6.929100e-01 5.685308e-01 1.011134e+00 -3.779972e+00
6.865965e-01 6.067614e-01 2.269731e-03 -nan
6.915516e-01 6.202687e-01 1.434165e-01 -4.730495e+00
6.852718e-01 5.847065e-01 2.118737e+00 -2.927292e+00
6.940951e-01 6.146951e-01 1.011573e+00 -1.272693e+00
6.897267e-01 6.374504e-01 4.019269e-01 -nan
6.927052e-01 6.099186e-01 -1.784625e-01 -nan
6.951827e-01 6.202637e-01 -1.175583e-01 -nan
6.837249e-01 5.465002e-01 1.520633e+00 -nan
6.883045e-01 6.065422e-01 4.971874e-01 -nan
6.872908e-01 6.124803e-01 5.381029e-01 -nan
6.962643e-01 6.350771e-01 2.715619e-01 -nan
6.871680e-01 5.811391e-01 7.178024e-01 -nan
6.877256e-01 5.443693e-01 7.156642e-01 -nan
6.798736e-01 6.130957e-01 8.691004e-01 -3.840844e+00
6.974346e-01 5.975826e-01 5.319701e-01 -nan
6.948883e-01 5.821947e-01 6.823465e-01 -nan
6.964246e-01 5.482468e-01 1.213810e+00 -nan
6.847024e-01 6.035747e-01 3.406771e-01 -4.131137e-01
6.934801e-01 6.016368e-01 1.842453e-02 -1.005720e-01
6.917847e-01 6.337983e-01 1.739920e-01 4.618483e-01
6.847941e-01 5.922975e-01 5.403306e-01 -5.849736e-01
6.861751e-01 5.907501e-01 2.267820e+00 -4.834226e-01
6.906408e-01 5.981884e-01 1.057500e+00 -nan
6.914334e-01 5.953921e-01 1.025753e+00 1.111622e+00
6.863241e-01 6.187565e-01 9.305170e-01 -nan
6.926823e-01 5.890353e-01 1.380638e+00 -3.135380e+00
6.915508e-01 6.360718e-01 1.308154e+00 -nan
6.937073e-01 5.828893e-01 2.359450e-01 -3.336863e+00
6.944938e-01 5.759251e-01 3.048336e-01 -1.977012e+00
6.902754e-01 6.153100e-01 2.903284e-01 -7.892351e+00
6.862968e-01 5.823474e-01 6.393451e-01 -2.850370e+00
6.831406e-01 5.554448e-01 3.901697e-01 -5.761152e-01
6.903223e-01 5.937347e-01 1.794560e+00 1.272284e-02
6.853481e-01 5.863363e-01 8.545208e-01 -nan
6.806808e-01 5.417881e-01 6.632704e-01 -nan
6.832422e-01 5.721530e-01 -1.604577e-01 -nan
6.897293e-01 6.209748e-01 3.746793e-01 -nan
6.906102e-01 5.896540e-01 -nan -nan
6.948357e-01 5.860210e-01 5.471912e-01 -nan
6.925190e-01 6.514470e-01 -9.538925e-02 -4.500815e+00
6.984412e-01 6.647282e-01 -nan 2.649365e+00
6.956410e-01 6.124383e-01 8.927231e-01 -nan
6.861211e-01 6.130171e-01 3.129075e-01 -1.093707e+01
6.874177e-01 5.825207e-01 4.319685e-01 -1.162200e+00
6.911559e-01 6.131540e-01 5.512971e-01 -nan
6.900602e-01 6.119952e-01 9.632846e-01 -nan
6.921947e-01 5.950163e-01 -nan -nan
6.892915e-01 5.406230e-01 5.191408e-01 -nan
6.928340e-01 6.167074e-01 6.371322e-01 1.453166e+00
6.976553e-01 6.081916e-01 2.071178e+00 -nan
6.955371e-01 6.732110e-01 1.267414e+00 -nan
6.833647e-01 6.235873e-01 1.083554e+00 -4.815445e-01
6.912027e-01 6.083743e-01 -2.084298e-02 -9.080194e+00
6.914785e-01 5.607046e-01 8.806633e-01 -nan
6.910603e-01 5.946141e-01 3.409230e-01 -3.094153e-01
6.913817e-01 5.904420e-01 1.971891e-01 -nan
6.923106e-01 6.019872e-01 4.251438e-01 -nan
6.844400e-01 6.282060e-01 1.394743e+00 1.010004e+00
6.883954e-01 6.267573e-01 4.853811e-01 -nan
6.925994e-01 5.898767e-01 5.106074e-01 -nan
6.904098e-01 6.079844e-01 7.803324e-01 1.445667e-01
6.869282e-01 5.834582e-01 1.513012e-01 -1.904741e+00
6.923431e-01 5.889730e-01 1.464244e-01 -3.175705e+00
6.872282e-01 5.537670e-01 8.516836e-02 -nan
6.949822e-01 6.126565e-01 5.720182e-01 -nan
6.887239e-01 6.050197e-01 1.170049e-01 -1.712636e-01
6.918763e-01 6.087797e-01 3.263410e-01 -nan
6.974540e-01 5.813260e-01 1.041112e+00 -1.435280e+00
6.841411e-01 5.855739e-01 4.608942e-01 -1.663065e+00
6.785022e-01 5.560704e-01 3.862266e-01 -1.389159e+00
6.884365e-01 5.747278e-01 8.973931e-01 1.607236e+00
6.897529e-01 6.029203e-01 4.971034e-01 -1.738428e-02
6.915082e-01 6.056217e-01 7.166131e-01 -nan
6.959424e-01 5.930903e-01 1.878828e+00 1.205303e+00
6.941443e-01 6.617700e-01 7.366862e-01 8.475088e-01
6.980118e-01 5.580407e-01 5.161129e-01 -nan
6.857422e-01 5.970839e-01 1.227860e-01 -2.885470e+00
6.891914e-01 6.048436e-01 2.835582e-01 -3.411014e-01
6.939094e-01 5.296593e-01 9.132154e-01 -nan
7.009128e-01 6.043083e-01 2.383561e-01 -nan
6.876328e-01 6.151934e-01 -6.634909e-02 -nan
6.925476e-01 5.988939e-01 -1.230283e-01 -1.178179e+00
6.898096e-01 5.703546e-01 1.432355e+00 -6.288875e-02
6.877027e-01 6.628915e-01 1.022066e+00 -8.625049e-01
6.913982e-01 5.622757e-01 9.406738e-01 -nan
6.913934e-01 5.641158e-01 9.762573e-01 -nan
6.924736e-01 5.314338e-01 1.210059e+00 -nan
6.948849e-01 5.951011e-01 1.265398e+00 -nan
6.890510e-01 5.793059e-01 1.629889e-01 -2.933970e+00
6.989464e-01 6.037821e-01 6.813077e-01 -nan
6.868713e-01 6.332908e-01 1.755390e+00 -nan
6.897035e-01 6.025114e-01 1.112584e+00 -1.148357e+01
6.980173e-01 6.447515e-01 3.054715e-01 -nan
6.929915e-01 6.614192e-01 4.100805e-01 4.622881e-01
6.892661e-01 6.012622e-01 5.230394e-01 -nan
6.911738e-01 5.935437e-01 1.774663e+00 -nan
6.934471e-01 5.674502e-01 1.890188e+00 -nan
6.910183e-01 5.719010e-01 6.828776e-01 4.735276e-01
6.814137e-01 5.729396e-01 3.373928e+00 5.799504e-01
6.907387e-01 6.087639e-01 -8.872033e-02 -1.006725e+00
6.858473e-01 6.191261e-01 2.252363e+00 -2.859828e+00
7.003830e-01 6.499740e-01 -nan 2.792842e-01
6.828509e-01 5.785310e-01 2.378954e-01 -nan
6.959046e-01 5.775237e-01 2.902191e-02 -nan
6.898029e-01 6.021251e-01 3.500759e-01 -2.712465e+00
6.817024e-01 5.929308e-01 -2.647370e-01 -1.711219e+00
6.971114e-01 5.898745e-01 4.182839e-01 -9.022788e-01
6.909431e-01 6.360532e-01 1.371239e+00 -nan
6.863243e-01 5.954689e-01 6.886687e-01 -1.753455e+00
6.859848e-01 6.038920e-01 8.367965e-01 1.805451e+00
6.885147e-01 5.943072e-01 4.247105e-01 -3.664607e+00
6.928485e-01 6.342364e-01 5.266290e-01 -5.958444e+00
6.888803e-01 5.698689e-01 3.750487e-01 -4.964028e+00
6.906514e-01 5.858841e-01 -nan -nan
6.848706e-01 5.920822e-01 9.164745e-01 -2.048783e+00
6.847414e-01 5.772020e-01 5.068276e-01 -nan
7.029819e-01 6.070662e-01 4.086993e-02 -8.130005e-01
6.828983e-01 5.842329e-01 -9.485148e-02 -nan
6.916946e-01 5.972087e-01 2.746032e-01 -nan
6.897767e-01 5.671278e-01 3.477280e-01 -nan
6.818237e-01 5.326738e-01 5.745428e-01 -5.119581e+00
6.949210e-01 5.859082e-01 1.090931e+00 -5.803396e-01
6.938936e-01 5.738797e-01 9.939920e-01 -nan
6.859477e-01 5.736988e-01 -nan -nan
6.977823e-01 6.231060e-01 3.203935e-01 -4.361230e+00
6.869531e-01 6.006656e-01 1.566084e+00 -4.650243e+00
6.978770e-01 6.295779e-01 1.693709e-01 -5.692990e+00
6.914741e-01 5.663905e-01 2.713375e-01 -nan
6.903132e-01 6.637116e-01 5.009420e-01 -5.391827e-01
6.996963e-01 6.039340e-01 8.472931e-01 -1.827829e+00
6.885529e-01 6.002757e-01 6.213920e-01 -nan
6.852559e-01 6.140884e-01 -1.486942e-01 -nan
6.904693e-01 6.145846e-01 4.644653e-01 -nan
6.915545e-01 5.945087e-01 1.655380e+00 -nan
6.930643e-01 5.575354e-01 4.925294e-02 -nan
6.941551e-01 6.550230e-01 2.546288e-01 -nan
6.985428e-01 5.813918e-01 -nan -nan
6.949199e-01 5.889655e-01 1.199267e+00 1.052421e+00
6.931992e-01 6.008887e-01 4.556819e-01 1.025974e+00
6.955960e-01 6.347225e-01 2.899779e+00 -nan
6.838384e-01 6.407116e-01 2.420526e-01 2.543809e+00
6.882516e-01 5.701218e-01 6.184881e-01 -2.558075e+00
6.907840e-01 5.962743e-01 1.772707e+00 -1.688569e+00
6.882981e-01 5.963506e-01 -nan -3.455210e-01
6.872998e-01 5.627444e-01 5.778164e-01 -nan
6.874340e-01 5.583490e-01 1.397902e+00 -3.153599e+00
6.907958e-01 6.316473e-01 1.545107e+00 -1.365370e+00
6.901133e-01 6.409557e-01 1.657699e-01 -nan
6.990902e-01 6.145549e-01 8.974353e-02 -nan
6.951175e-01 6.300900e-01 1.166990e+00 -2.809585e-01
6.893955e-01 5.810818e-01 5.110645e-01 -nan
6.954898e-01 5.912955e-01 1.120397e+00 -3.759828e+00
6.930124e-01 6.081721e-01 1.825686e+00 -nan
6.932178e-01 6.223648e-01 3.175820e-01 -nan
6.849089e-01 6.105973e-01 5.134181e-01 -3.920016e+00
6.930773e-01 5.773669e-01 -4.528331e-02 -nan
6.827914e-01 5.796050e-01 8.898760e-01 -nan
6.871315e-01 6.449510e-01 1.194458e-01 -4.592958e+00
6.972169e-01 6.386188e-01 6.606944e-01 -1.421249e+00
6.841021e-01 5.464230e-01 1.251456e+00 -nan
6.900269e-01 6.577308e-01 5.631019e-01 -nan
6.910297e-01 6.216751e-01 1.872913e-01 -nan
6.924675e-01 6.258178e-01 1.402077e+00 -9.367997e-02
6.966209e-01 6.223247e-01 1.984050e+00 -3.630153e+00
6.854688e-01 5.907388e-01 3.429062e-01 1.704942e-01
6.869062e-01 5.572691e-01 1.580367e+00 -nan
6.933823e-01 5.941292e-01 1.949914e-01 -1.944953e+00
6.874867e-01 5.887166e-01 1.295614e-01 2.050401e+00
6.938574e-01 6.254620e-01 9.742506e-02 -nan
6.893198e-01 5.577994e-01 5.884926e-01 7.395142e-01
6.872223e-01 5.352739e-01 -7.824726e-02 -3.842594e+00
6.924376e-01 5.997532e-01 3.990797e-01 -nan
6.938634e-01 6.438140e-01 2.852683e+00 3.265383e+00
6.936469e-01 6.392977e-01 2.421959e-01 -1.399917e+00
7.006878e-01 6.438259e-01 6.381178e-01 -nan
6.862449e-01 5.864680e-01 3.934999e-01 -nan
6.861038e-01 6.460241e-01 1.518272e-01 -2.707435e+00
6.824279e-01 6.058953e-01 1.776740e+00 -nan
6.868210e-01 6.151431e-01 1.162847e+00 -nan
6.922474e-01 5.556526e-01 1.242008e-01 -nan
6.935016e-01 5.677495e-01 -1.176547e-01 -nan
6.900364e-01 5.901580e-01 8.522299e-01 -2.559409e+00
6.875721e-01 5.987353e-01 5.375943e-01 -nan
6.944014e-01 6.215930e-01 3.365880e-01 -nan
6.987690e-01 6.332855e-01 -1.351870e-01 -6.352116e+00
6.952588e-01 5.848344e-01 5.269578e-01 -1.361253e+01
6.940417e-01 6.262670e-01 -1.670102e-01 -1.350555e-01
6.868301e-01 6.308215e-01 6.804656e-01 -nan
6.901258e-01 5.995328e-01 3.526601e-01 -1.873213e+00
6.986927e-01 6.030980e-01 3.227542e-01 -3.813374e+00
6.941444e-01 6.153638e-01 4.921364e-01 7.852502e-02
6.882397e-01 5.972985e-01 2.286838e-01 -3.469681e+00
6.907990e-01 6.042848e-01 1.724978e-01 -9.912588e-01
6.890985e-01 6.024943e-01 -2.651857e-01 -7.379303e-01
6.904384e-01 5.991389e-01 7.710567e-01 2.916117e+00
6.851933e-01 5.851058e-01 4.484723e-01 -1.052038e+00
6.939190e-01 5.938192e-01 1.528745e+00 5.701902e-01
6.930869e-01 6.223077e-01 3.960259e-01 -nan
6.929675e-01 5.967194e-01 4.466606e-01 -nan
6.914782e-01 6.281366e-01 7.212892e-01 1.359473e+00
6.874822e-01 5.318173e-01 9.573672e-01 -nan
6.893879e-01 6.366364e-01 1.046802e-01 -nan
6.874395e-01 6.017631e-01 4.042723e-01 -5.729538e+00
6.898461e-01 6.255589e-01 8.891754e-01 -3.778025e+00
6.911977e-01 6.162495e-01 8.362801e-02 -9.465066e-01
6.847214e-01 5.898604e-01 3.087057e-01 -nan
6.925725e-01 6.248079e-01 1.054321e+00 -nan
6.909364e-01 5.969461e-01 4.439437e-01 -nan
6.923616e-01 6.061648e-01 2.645432e-01 -nan
6.934932e-01 6.138272e-01 2.883305e+00 -nan
6.925836e-01 5.893137e-01 1.932916e-01 -nan
6.869983e-01 5.983694e-01 1.579295e-01 -nan
6.936374e-01 5.598780e-01 5.332923e-01 -nan
6.881346e-01 5.805975e-01 3.344450e-01 -nan
6.947069e-01 6.311086e-01 -1.253728e-01 -1.236684e+00
6.900273e-01 6.143008e-01 4.169337e-01 -1.545591e-01
6.998509e-01 5.865933e-01 5.816224e-02 4.783884e+00
6.894865e-01 6.463850e-01 1.289284e+00 -nan
6.966992e-01 5.995521e-01 6.275735e-01 -nan
6.908180e-01 6.066598e-01 3.525825e-01 -3.232535e+00
6.839317e-01 5.740787e-01 1.230647e-01 6.576217e-01
6.865829e-01 5.534740e-01 1.018352e+00 -nan
6.834871e-01 5.776716e-01 8.139943e-01 1.097897e+00
6.943824e-01 6.460323e-01 1.954356e+00 1.756841e+00
6.942279e-01 6.003997e-01 4.787748e-01 -3.108741e+00
6.908746e-01 5.906080e-01 7.952734e-02 -nan
6.902182e-01 6.011907e-01 5.962665e-01 -nan
6.927439e-01 6.042573e-01 3.154012e-01 -nan
6.956726e-01 6.248798e-01 5.637092e-01 -2.305576e+00
6.903149e-01 5.524866e-01 5.729842e-01 -nan
6.911931e-01 6.206313e-01 2.415367e+00 5.819987e+00
6.962396e-01 6.665364e-01 1.259267e+00 1.438152e+00
6.922693e-01 5.770722e-01 9.295356e-01 -nan
6.842099e-01 5.798224e-01 5.374455e-01 7.792532e-01
6.876051e-01 6.378308e-01 7.088800e-01 -nan
6.917328e-01 6.387482e-01 -2.929317e-01 -7.806893e-03
6.931520e-01 6.225719e-01 7.746253e-01 -3.196238e-01
6.912974e-01 5.983505e-01 8.546553e-02 -nan
6.942318e-01 6.084243e-01 1.300234e+00 5.589001e-01
6.872722e-01 6.097312e-01 7.577511e-01 -nan
6.871856e-01 6.201662e-01 4.057078e-01 -nan
6.931301e-01 5.543119e-01 -1.548843e-03 5.061194e-01
6.877402e-01 5.769926e-01 5.084541e-01 3.722219e-01
6.915708e-01 6.068167e-01 1.048686e+00 -5.771730e+00
6.907007e-01 5.853377e-01 8.650416e-01 -1.386275e+00
6.858341e-01 6.187646e-01 1.049641e+00 -1.003480e+00
6.934429e-01 5.309129e-01 1.479109e+00 -3.368454e+00
6.999574e-01 5.900975e-01 4.496051e-01 -4.363756e+00
6.894345e-01 5.837365e-01 6.178600e-01 -nan
6.908408e-01 5.899765e-01 3.445624e+00 1.146765e+00
6.996896e-01 6.322034e-01 4.693804e-01 -2.238427e+00
6.948238e-01 5.940623e-01 5.162363e-01 -nan
6.941655e-01 6.045485e-01 5.143332e-01 -6.701050e-01
6.892815e-01 5.887576e-01 5.872791e-01 -6.358360e-01
6.947383e-01 5.830960e-01 5.667051e-02 -nan
6.920950e-01 5.514363e-01 2.572407e+00 -nan
6.892880e-01 6.077924e-01 3.778784e+00 -nan
6.892233e-01 5.842466e-01 -9.684007e-03 -nan
6.811702e-01 5.743195e-01 3.826438e-01 1.070030e+00
6.980991e-01 5.829463e-01 2.542607e-01 -nan
6.936638e-01 5.900389e-01 3.000318e-01 -1.450791e+00
6.944578e-01 6.049925e-01 4.692211e-01 -nan
6.867199e-01 5.959107e-01 3.113087e-01 -nan
6.872890e-01 6.039106e-01 1.241082e+00 2.579572e+00
6.927116e-01 5.690329e-01 1.506840e+00 6.263599e-01
6.995103e-01 6.087550e-01 7.529397e-01 -nan
6.901429e-01 5.603328e-01 1.338515e-01 -3.068863e+00
6.937591e-01 6.086943e-01 -1.182400e-01 -nan
6.876380e-01 5.973720e-01 1.029519e+00 -1.729527e+00
6.879252e-01 5.904060e-01 2.260375e-01 -nan
6.918364e-01 5.759919e-01 6.919351e-01 2.072634e+00
6.777301e-01 5.607867e-01 7.093499e-01 -nan
6.907264e-01 5.656710e-01 6.993650e-01 -1.410051e+00
6.856564e-01 6.345189e-01 -9.998051e-02 -nan
6.926220e-01 5.851006e-01 4.521213e-01 -2.333245e+00
6.912641e-01 6.096708e-01 1.573522e+00 -3.207039e+00
6.864646e-01 5.995317e-01 1.374821e+00 -1.693593e+00
6.870531e-01 5.911890e-01 8.067572e-01 -4.886798e+00
6.883748e-01 6.103339e-01 -1.509255e-01 -nan
6.958734e-01 5.904661e-01 2.282267e+00 1.681810e+00
6.899207e-01 6.295902e-01 -nan -nan
6.933479e-01 6.220571e-01 8.896230e-01 -1.262593e+00
6.839703e-01 6.213506e-01 -1.629900e-01 -nan
6.808698e-01 6.114423e-01 8.513298e-01 -nan
6.882819e-01 6.215940e-01 1.409691e+00 -nan
6.924858e-01 5.854780e-01 -1.113774e-01 2.098330e+00
6.959677e-01 5.782808e-01 2.720071e+00 -7.978254e-01
6.880824e-01 5.990840e-01 6.700135e-01 -1.163391e+00
6.894896e-01 5.965944e-01 -nan 6.030513e+00
6.917768e-01 5.753604e-01 6.466068e-01 -1.289484e-02
6.947435e-01 5.777027e-01 1.149217e+00 -nan
6.974985e-01 5.853864e-01 8.858158e-02 -nan
6.910242e-01 5.826937e-01 4.112495e-01 -4.326519e+00
6.986335e-01 6.196239e-01 -6.569965e-02 -1.767754e+00
6.940773e-01 5.548013e-01 4.488810e-01 -nan
6.827001e-01 6.196937e-01 1.114105e+00 -nan
6.962492e-01 5.721605e-01 3.205345e-01 -2.022528e-01
6.836591e-01 6.396206e-01 1.431985e+00 -nan
6.816931e-01 6.039124e-01 1.388491e+00 -nan
6.942454e-01 5.822082e-01 2.044484e-02 -1.992491e+00
6.838563e-01 6.032478e-01 3.144774e-01 -nan
6.970417e-01 6.541436e-01 1.641787e+00 -nan
6.838414e-01 6.336185e-01 2.379394e-01 -9.092826e-01
6.945248e-01 6.023293e-01 2.150915e-01 -5.275884e-01
6.881526e-01 5.843490e-01 2.605773e-01 -8.436318e-01
6.923318e-01 5.652577e-01 4.073467e-01 -nan
7.022245e-01 6.360802e-01 6.813502e-01 -nan
6.851890e-01 5.996450e-01 4.535158e-01 -nan
6.945768e-01 5.632724e-01 5.926710e-01 -1.877577e+00
7.028190e-01 6.324808e-01 1.051544e+00 -nan
6.922552e-01 6.064864e-01 1.162272e+00 7.829671e-01
6.871318e-01 5.779347e-01 1.171626e+00 -nan
6.907210e-01 5.762329e-01 2.034316e-01 -nan
6.884592e-01 5.830798e-01 2.918045e-01 -nan
6.932687e-01 5.702762e-01 1.402696e+00 8.951939e-01
7.001291e-01 6.275427e-01 5.762242e-01 -1.801378e+00
6.949139e-01 6.001281e-01 3.944343e-01 4.041413e-01
6.912323e-01 6.198496e-01 2.971685e-01 -3.337571e+00
6.824046e-01 6.131757e-01 -nan -nan
6.941474e-01 5.737736e-01 -1.473137e-02 -1.055221e+00
6.891352e-01 5.993091e-01 1.074751e+00 -nan
6.965725e-01 5.828180e-01 -3.250865e-01 -nan
6.890800e-01 5.985571e-01 5.001739e-01 -2.713960e+00
6.912870e-01 5.849352e-01 2.071328e-02 -nan
7.003800e-01 6.189730e-01 7.502148e-01 -6.967447e-01
6.959482e-01 5.783750e-01 1.311049e+00 -nan
6.964250e-01 5.777404e-01 1.034002e+00 -nan
6.931208e-01 6.017692e-01 5.484422e-01 1.267340e+00
6.919194e-01 6.308122e-01 1.057804e+00 -nan
6.891385e-01 6.194358e-01 -1.318798e-01 -nan
6.880326e-01 5.771235e-01 2.021311e-01 -nan
6.933669e-01 5.724896e-01 3.840651e+00 -nan
6.887477e-01 5.590641e-01 9.105927e-02 -3.684528e-01
6.902255e-01 5.597570e-01 2.524271e-02 -1.243532e+00
6.938598e-01 5.579891e-01 5.412638e-01 -1.363597e-01
6.948492e-01 6.477306e-01 2.764936e+00 -nan
6.903756e-01 5.649058e-01 1.532310e+00 -4.481042e+00
6.844242e-01 6.288372e-01 2.626531e+00 -1.487031e+00
6.982058e-01 5.755128e-01 -1.389067e-01 -2.203522e+00
6.919734e-01 5.871957e-01 2.853481e-01 -nan
6.868947e-01 6.262923e-01 2.971961e+00 -nan
6.806981e-01 5.955866e-01 -1.151390e-01 -9.266543e-01
6.912191e-01 6.330799e-01 1.055986e+00 -8.585427e+00
6.958608e-01 5.790200e-01 -nan 1.945283e+00
6.840742e-01 6.176430e-01 1.656982e+00 -1.756210e+00
6.875258e-01 5.662193e-01 5.563124e-01 -nan
6.894387e-01 6.179151e-01 9.320252e-01 -nan
6.954645e-01 6.454569e-01 1.500736e+00 -nan
6.930374e-01 5.907758e-01 9.590544e-01 -nan
6.927024e-01 5.961038e-01 5.655011e-01 -nan
6.923881e-01 6.197923e-01 1.822581e+00 -1.704447e+00
6.858142e-01 5.927178e-01 7.625606e-01 2.715057e+00
6.869595e-01 6.500074e-01 3.163164e-03 -nan
6.881851e-01 5.392824e-01 9.732936e-01 -6.551750e-01
6.883848e-01 6.284505e-01 2.154500e+00 -9.686038e-01
6.905394e-01 6.582973e-01 -3.277827e-02 -nan
6.900169e-01 5.689238e-01 1.060560e+00 -nan
6.900888e-01 5.756789e-01 6.128015e-01 -nan
6.981615e-01 6.152223e-01 7.408515e-01 -3.100459e+00
6.832603e-01 6.023586e-01 2.389265e+00 1.553342e+00
6.920417e-01 6.053672e-01 1.155590e+00 -nan
6.944679e-01 5.885430e-01 4.503723e-01 -nan
6.960504e-01 6.226220e-01 4.201364e-01 -2.443596e+00
6.783460e-01 6.145895e-01 1.628756e-01 2.245323e+00
6.959996e-01 5.826461e-01 -nan 1.204722e+00
6.976353e-01 5.603996e-01 1.902719e+00 1.943345e+00
6.938447e-01 5.740002e-01 3.105951e-01 2.205562e+00
6.845575e-01 5.671135e-01 1.589136e+00 -nan
6.821952e-01 5.655661e-01 2.962607e-01 -5.701553e-02
6.990768e-01 5.957757e-01 5.060916e-01 -nan
6.891233e-01 5.981441e-01 3.701788e-01 -5.293778e+00
6.978000e-01 5.658458e-01 -2.483828e-01 -2.002465e-01
6.905839e-01 6.528606e-01 1.162613e+00 -nan
6.904188e-01 6.226317e-01 7.245714e-01 -nan
6.898696e-01 6.168439e-01 2.161256e-01 -nan
6.820427e-01 5.963486e-01 1.414281e+00 -nan
6.914444e-01 5.588082e-01 -1.883618e-01 4.458406e-01
7.022246e-01 6.101027e-01 5.875000e-01 -nan
6.909847e-01 6.649192e-01 -7.820675e-02 -2.885261e+00
6.935482e-01 6.061691e-01 6.126840e-02 3.429584e-02
6.900368e-01 5.872240e-01 8.673831e-01 -nan
6.845018e-01 6.372783e-01 6.614002e-01 -nan
6.943390e-01 6.351476e-01 3.127067e-01 -nan
6.920894e-01 5.918589e-01 5.982577e-01 -nan
6.948033e-01 5.901999e-01 2.186741e-01 -2.509645e-02
6.902155e-01 5.523860e-01 8.451361e-01 -nan
6.897318e-01 5.876516e-01 -nan 2.417547e-01
6.942752e-01 5.886946e-01 -nan 3.228158e+00
6.893504e-01 6.016730e-01 1.273101e+00 -6.021072e+00
6.852328e-01 6.130960e-01 1.740719e-01 -nan
6.908469e-01 5.751305e-01 4.859773e-01 -5.916492e-01
6.975164e-01 6.091524e-01 1.726927e+00 6.651325e-01
6.919047e-01 6.243462e-01 3.624284e-01 -nan
6.874735e-01 6.140295e-01 1.958794e+00 1.258032e+00
6.782264e-01 6.178582e-01 5.065370e-01 -2.331381e+00
6.884176e-01 5.935593e-01 5.462423e-01 -3.681534e-01
6.842979e-01 5.818565e-01 2.097582e-01 -nan
6.975665e-01 5.990333e-01 7.355560e-01 -nan
6.847582e-01 5.693354e-01 1.623922e-01 -2.850392e+00
6.920506e-01 6.066916e-01 8.309857e-01 -nan
6.872007e-01 6.014151e-01 5.135834e-01 -nan
6.915616e-01 5.841632e-01 2.538497e-01 -1.574024e+00
6.919700e-01 5.835229e-01 1.007832e+00 -3.573732e-01
6.932062e-01 6.190124e-01 1.939366e+00 -nan
6.887999e-01 6.262754e-01 1.288025e+00 -nan
6.870427e-01 5.966553e-01 2.120257e-01 -nan
6.851699e-01 6.254654e-01 -2.021230e-01 -2.421700e+00
6.976121e-01 6.132078e-01 9.780736e-01 -nan
6.851339e-01 5.753360e-01 3.684940e-01 -nan
6.951493e-01 5.835316e-01 1.497006e+00 3.367927e-01
6.888675e-01 5.990387e-01 5.447717e-01 -nan
6.875553e-01 5.974392e-01 1.379679e+00 -nan
6.874647e-01 6.575620e-01 1.174742e+00 -5.919554e+00
6.878394e-01 5.796103e-01 3.489559e-01 -nan
6.969966e-01 6.227876e-01 7.096539e-01 -1.417604e+00
6.917510e-01 6.288508e-01 3.385526e-01 1.081316e+00
6.837686e-01 5.389906e-01 1.296982e+00 -nan
6.879678e-01 5.953988e-01 4.731707e-01 -4.965729e-01
6.915646e-01 6.512849e-01 1.066917e+00 -5.319235e-01
6.894380e-01 6.157435e-01 1.445602e+00 -nan
6.909960e-01 5.578732e-01 3.594801e-01 -2.486222e+00
6.849281e-01 5.959639e-01 4.959388e-01 -1.492128e+00
6.980266e-01 6.079737e-01 4.996261e-01 -1.721805e+00
6.878673e-01 6.042087e-01 9.248860e-01 -nan
6.908579e-01 6.345615e-01 1.089572e+00 -1.740012e+00
6.950712e-01 6.187826e-01 4.694222e-01 -3.236991e+00
6.882353e-01 5.760195e-01 8.470013e-01 -nan
6.926061e-01 5.928758e-01 1.029300e+00 -nan
6.857834e-01 5.640981e-01 1.651170e+00 -nan
6.900848e-01 5.844593e-01 5.884687e-01 -nan
6.855458e-01 6.212716e-01 4.484567e-01 -nan
6.936785e-01 5.825030e-01 1.805235e+00 2.090777e+00
6.898605e-01 6.415488e-01 1.889542e-01 -4.795277e+00
6.924350e-01 5.765705e-01 4.137455e-01 -nan
6.969083e-01 6.349525e-01 -nan -nan
6.890401e-01 6.388495e-01 1.203878e-01 -nan
6.928006e-01 6.318492e-01 6.132799e-02 -nan
6.860814e-01 6.278252e-01 3.685772e-01 -4.838863e+00
6.948680e-01 6.694477e-01 1.364980e+00 -nan
6.965271e-01 6.770947e-01 2.206376e+00 -nan
6.972673e-01 5.784912e-01 5.320581e-03 -nan
6.871141e-01 5.974826e-01 2.908027e+00 8.929996e-01
6.888445e-01 5.826079e-01 5.633593e-01 -nan
6.969520e-01 6.226684e-01 1.240921e+00 -1.281786e-01
6.910028e-01 5.857772e-01 1.393688e+00 -nan
6.848457e-01 6.167158e-01 6.343436e-01 -nan
6.953793e-01 5.875511e-01 7.467103e-01 -nan
6.943416e-01 5.960497e-01 6.257172e-01 -1.745084e+00
6.815499e-01 5.463158e-01 4.396738e-02 1.878868e+00
6.940410e-01 5.712063e-01 1.928159e-01 -3.663915e+00
6.887334e-01 6.328446e-01 8.509259e-01 1.696090e-01
6.938402e-01 5.890899e-01 1.144008e+00 -nan
6.824842e-01 5.956643e-01 7.804028e-01 -2.565725e+00
6.944771e-01 6.304407e-01 -nan 2.526110e+00
7.011737e-01 6.371059e-01 7.178959e-01 -nan
6.880663e-01 6.090549e-01 1.086908e+00 -nan
6.942312e-01 6.048399e-01 2.351342e-01 -nan
6.938237e-01 5.992099e-01 5.339053e-01 -9.799621e-01
6.987593e-01 6.196187e-01 1.437813e+00 -nan
6.869575e-01 6.627343e-01 1.500346e+00 -nan
6.922483e-01 5.925015e-01 4.119356e-01 -nan
6.901466e-01 5.919115e-01 6.000483e-01 -6.642465e-01
6.955666e-01 5.930636e-01 -nan -nan
6.890465e-01 5.792707e-01 6.829586e-01 -4.883982e-01
6.874551e-01 6.147097e-01 9.357315e-01 -5.715443e+00
6.887846e-01 6.060636e-01 4.707647e-02 3.177723e+00
6.847732e-01 5.668836e-01 1.010843e-02 -nan
6.912472e-01 5.976465e-01 7.560418e-01 -nan
6.847653e-01 6.176073e-01 6.969590e-01 -2.570843e+00
6.912930e-01 6.496793e-01 7.564449e-01 -nan
