PARAMETERS
L              5
DIM            4
beta           2.000000
ntherm         40
nsweep         0
naccu          0
END PARAMETERS
1 3.238948e-01
2 4.156970e-01
3 4.395558e-01
4 4.463910e-01
5 4.589717e-01
6 4.649888e-01
7 4.759975e-01
8 4.820604e-01
9 4.886401e-01
10 4.892693e-01
11 4.970081e-01
12 4.777148e-01
13 4.997531e-01
14 5.089004e-01
15 5.122392e-01
16 5.070958e-01
17 5.073409e-01
18 5.051729e-01
19 5.016940e-01
20 4.896381e-01
21 5.156579e-01
22 5.104323e-01
23 4.985364e-01
24 4.990470e-01
25 5.102524e-01
26 4.902145e-01
27 4.969298e-01
28 4.960282e-01
29 4.939089e-01
30 4.935499e-01
31 4.979415e-01
32 5.010402e-01
33 4.846670e-01
34 4.735236e-01
35 4.973813e-01
36 4.969191e-01
37 4.991753e-01
38 4.999482e-01
39 4.894325e-01
40 4.981196e-01
