PARAMETERS
L              5
DIM            4
beta           1.000000
ntherm         40
nsweep         0
naccu          0
END PARAMETERS
1 6.105710e-01
2 7.436745e-01
3 7.592933e-01
4 7.527870e-01
5 7.584881e-01
6 7.433520e-01
7 7.522993e-01
8 7.454119e-01
9 7.597697e-01
10 7.667525e-01
11 7.630403e-01
12 7.549847e-01
13 7.582247e-01
14 7.635237e-01
15 7.600043e-01
16 7.630651e-01
17 7.653948e-01
18 7.498641e-01
19 7.505711e-01
20 7.652960e-01
21 7.430439e-01
22 7.516359e-01
23 7.633100e-01
24 7.497115e-01
25 7.573076e-01
26 7.589361e-01
27 7.687339e-01
28 7.619720e-01
29 7.615999e-01
30 7.528597e-01
31 7.595748e-01
32 7.504603e-01
33 7.430537e-01
34 7.557092e-01
35 7.546301e-01
36 7.513670e-01
37 7.564188e-01
38 7.645567e-01
39 7.534804e-01
40 7.687513e-01
