PARAMETERS
L              5
DIM            4
beta           3.000000
ntherm         40
nsweep         0
naccu          0
END PARAMETERS
1 2.205684e-01
2 2.693672e-01
3 2.746537e-01
4 2.662466e-01
5 2.691019e-01
6 2.806147e-01
7 2.788847e-01
8 2.872094e-01
9 2.832409e-01
10 2.719898e-01
11 2.741575e-01
12 2.805023e-01
13 2.729065e-01
14 2.815902e-01
15 2.776639e-01
16 2.764608e-01
17 2.817178e-01
18 2.813800e-01
19 2.852298e-01
20 2.756872e-01
21 2.708173e-01
22 2.738437e-01
23 2.793526e-01
24 2.730434e-01
25 2.843546e-01
26 2.767961e-01
27 2.721055e-01
28 2.812637e-01
29 2.777851e-01
30 2.832178e-01
31 2.776553e-01
32 2.777056e-01
33 2.692292e-01
34 2.725410e-01
35 2.822349e-01
36 2.718978e-01
37 2.721103e-01
38 2.704161e-01
39 2.783775e-01
40 2.786908e-01
