PARAMETERS
L              5
DIM            4
beta           4.000000
ntherm         40
nsweep         0
naccu          0
END PARAMETERS
1 1.684703e-01
2 1.931532e-01
3 1.928644e-01
4 1.903693e-01
5 2.014739e-01
6 2.009705e-01
7 2.061317e-01
8 2.033684e-01
9 1.982004e-01
10 1.972747e-01
11 1.974123e-01
12 1.942819e-01
13 1.999930e-01
14 2.006680e-01
15 2.018554e-01
16 2.017603e-01
17 2.023606e-01
18 1.975444e-01
19 1.922469e-01
20 2.021765e-01
21 1.996899e-01
22 2.074173e-01
23 2.032805e-01
24 2.018632e-01
25 2.025253e-01
26 2.049094e-01
27 1.980335e-01
28 2.036208e-01
29 1.999001e-01
30 1.986693e-01
31 1.996229e-01
32 1.960053e-01
33 1.975884e-01
34 2.027583e-01
35 2.065155e-01
36 2.056522e-01
37 1.961201e-01
38 2.008884e-01
39 2.062361e-01
40 1.957167e-01
