PARAMETERS
L              10
DIM            4
beta           1.800000
ntherm         5000
nsweep         10000
naccu          10
END PARAMETERS
8.171105e-01 7.846551e-01 -8.641401e-01 -nan
8.170989e-01 7.696530e-01 -nan -nan
8.207398e-01 7.656447e-01 1.167176e-01 -5.327695e+00
8.266281e-01 7.390781e-01 -nan -nan
8.167996e-01 6.908574e-01 -4.515938e-02 -6.149714e-01
8.135617e-01 7.943598e-01 -6.479809e-01 -2.537180e+00
8.243215e-01 8.229745e-01 1.339624e+00 -nan
8.131328e-01 7.706913e-01 -7.381088e-02 -nan
8.168753e-01 7.242120e-01 -nan -4.325150e+00
8.256396e-01 8.082342e-01 -6.569614e-01 -nan
8.238182e-01 7.952014e-01 -nan -2.284560e+00
8.197159e-01 7.136578e-01 -2.850182e-01 -2.436786e+00
8.201501e-01 8.018225e-01 -nan -nan
8.160088e-01 7.424032e-01 -nan -nan
8.228259e-01 7.372148e-01 1.656863e-01 -nan
8.098891e-01 7.421246e-01 1.506805e+00 -7.080571e-01
8.184146e-01 7.476056e-01 -5.945264e-01 -2.533703e+00
8.150536e-01 6.841871e-01 -nan -nan
8.177992e-01 8.744200e-01 -nan -nan
8.224860e-01 7.928719e-01 3.869074e+00 -nan
8.146451e-01 8.328758e-01 -nan -1.173786e-01
8.327857e-01 8.320236e-01 -7.747492e-01 1.280975e+00
8.210111e-01 7.371162e-01 -6.902387e-02 -nan
8.240457e-01 7.520906e-01 -1.236852e+00 4.493391e-01
8.201553e-01 7.285271e-01 -5.311555e-01 -nan
8.192963e-01 7.976123e-01 -nan 2.770302e+00
8.144654e-01 7.817794e-01 -1.561922e-01 -nan
8.194597e-01 8.486524e-01 -nan -8.177114e-02
8.138692e-01 8.324582e-01 1.562216e-01 3.506798e-01
8.153677e-01 7.377332e-01 -nan -1.848311e+00
8.200283e-01 7.867112e-01 -5.448508e-02 -1.178476e+00
8.100568e-01 7.477049e-01 -7.372284e-01 -nan
8.289855e-01 7.542885e-01 -7.215371e-01 -nan
8.218295e-01 7.395935e-01 1.315220e+00 -nan
8.236845e-01 7.412586e-01 -nan -1.411898e+00
8.151665e-01 7.575971e-01 5.520390e-01 -nan
8.266134e-01 7.632273e-01 1.898637e-01 -nan
8.158744e-01 7.075684e-01 -nan 7.074096e-01
8.146087e-01 7.110681e-01 1.369225e+00 -nan
8.170507e-01 7.643246e-01 -nan -nan
8.233961e-01 7.604078e-01 2.549253e-01 1.842018e-01
8.218714e-01 8.363092e-01 -2.871534e-01 -nan
8.214659e-01 8.192415e-01 -7.390310e-01 -nan
8.195093e-01 7.412341e-01 -nan -nan
8.198433e-01 7.686163e-01 1.124978e+00 -nan
8.165269e-01 7.965902e-01 -nan -nan
8.156539e-01 7.723764e-01 -nan -nan
8.254369e-01 7.406349e-01 2.566683e+00 1.753048e+00
8.210412e-01 7.247668e-01 5.064278e-01 -6.832002e-01
8.114234e-01 7.450662e-01 9.097532e-01 -nan
8.233545e-01 7.336908e-01 -3.840454e-01 -1.093150e+00
8.216859e-01 7.201434e-01 -nan -1.192586e-02
8.203950e-01 7.368691e-01 -nan -nan
8.130214e-01 7.403263e-01 5.438791e-01 -nan
8.269367e-01 7.433248e-01 -nan -nan
8.248104e-01 7.243112e-01 -7.125074e-01 -2.226484e+00
8.233086e-01 7.363591e-01 -5.171903e-01 -4.410979e+00
8.149222e-01 7.559894e-01 -nan 1.226798e+00
8.197813e-01 7.889738e-01 1.098010e+00 -nan
8.167459e-01 7.162839e-01 2.908534e-01 -nan
8.175995e-01 8.044845e-01 -1.126184e-01 -4.572476e+00
8.154620e-01 8.319006e-01 -nan -1.550113e+00
8.161080e-01 7.726242e-01 2.558717e-01 -nan
8.104696e-01 6.734773e-01 -nan 1.695676e+00
8.153392e-01 7.833436e-01 6.292586e-01 -3.527353e+00
8.214508e-01 7.877813e-01 4.713794e+00 -nan
8.103746e-01 7.705488e-01 3.943245e-01 -nan
8.154374e-01 7.456324e-01 -3.697893e-01 -nan
8.186247e-01 7.664746e-01 -nan -3.679759e-01
8.176049e-01 7.868336e-01 -3.647883e-01 -4.042112e+00
8.212175e-01 7.846174e-01 3.103354e-01 -nan
8.230447e-01 7.173696e-01 -nan -nan
8.219484e-01 8.586229e-01 -1.424401e+00 -nan
8.213803e-01 7.487846e-01 -6.206690e-02 -nan
8.177625e-01 8.192445e-01 -nan -nan
8.157632e-01 7.485892e-01 5.054379e-01 8.776582e-02
8.160779e-01 8.408021e-01 -nan -nan
8.108988e-01 7.279901e-01 1.845744e-01 -nan
8.182928e-01 8.302103e-01 -4.402626e-01 -nan
8.093142e-01 7.495517e-01 -9.502008e-02 -2.215019e-01
8.188302e-01 7.419421e-01 -7.035065e-01 -nan
8.111992e-01 7.964055e-01 1.131807e+00 -2.094807e+00
8.182387e-01 6.963607e-01 4.125818e-01 -nan
8.170406e-01 7.156088e-01 1.208615e+00 1.730436e+00
8.224472e-01 8.403930e-01 7.393012e-02 -nan
8.223610e-01 7.734102e-01 -4.472662e-03 -nan
8.183727e-01 7.329666e-01 1.228273e+00 -nan
8.198324e-01 7.667986e-01 -nan -nan
8.251899e-01 7.412456e-01 -4.688843e-01 -6.225578e-01
8.168535e-01 7.309541e-01 4.749048e-01 -nan
8.215514e-01 8.085500e-01 -nan -1.266068e+00
8.200569e-01 7.611132e-01 -9.262224e-02 -nan
8.242781e-01 7.877404e-01 1.583570e+00 -nan
8.223625e-01 8.115118e-01 -8.125137e-03 -1.330241e+00
8.315746e-01 7.766249e-01 8.409788e-01 -nan
8.234478e-01 7.295484e-01 -6.225971e-01 -nan
8.209430e-01 8.121369e-01 3.170415e-01 -nan
8.205728e-01 7.671202e-01 8.354135e-01 -nan
8.196988e-01 7.964109e-01 8.100785e-01 3.680944e+00
8.176636e-01 7.842802e-01 -6.918463e-01 -2.332861e+00
8.084787e-01 7.550122e-01 1.244129e+00 -2.807147e-02
8.192948e-01 7.168335e-01 -nan -nan
8.216070e-01 7.792467e-01 3.624908e+00 -nan
8.112966e-01 7.334047e-01 9.858598e-01 -nan
8.155301e-01 8.027404e-01 -5.893228e-03 -5.385736e+00
8.190503e-01 8.794933e-01 7.043160e-02 -nan
8.237273e-01 7.497144e-01 7.100768e-01 -nan
8.135652e-01 7.164694e-01 -nan -nan
8.195680e-01 7.678216e-01 4.130458e+00 -nan
8.256106e-01 8.031598e-01 -nan -nan
8.140307e-01 7.474735e-01 -6.432225e-01 5.032031e-01
8.256828e-01 7.510975e-01 -nan -5.150069e-02
8.203611e-01 7.472021e-01 2.218325e+00 3.180069e+00
8.151198e-01 8.173242e-01 -nan -nan
8.195231e-01 7.462987e-01 -3.405164e-01 -4.568356e+00
8.194375e-01 8.317064e-01 -1.036433e+00 -nan
8.149338e-01 7.653207e-01 6.189936e-02 3.863670e-01
8.248771e-01 7.245702e-01 4.755694e-01 9.557918e-01
8.160769e-01 8.012997e-01 5.452197e-02 -nan
8.182102e-01 7.377825e-01 -3.681866e-01 -nan
8.207190e-01 7.472735e-01 -nan 3.196042e+00
8.143490e-01 7.253030e-01 5.665200e-01 -4.711750e-01
8.148563e-01 8.564298e-01 -4.722672e-01 -1.085638e+00
8.195798e-01 8.109080e-01 -nan -nan
8.177440e-01 7.963214e-01 -nan 1.668708e-01
8.155969e-01 7.535748e-01 -nan -nan
8.186668e-01 7.860065e-01 -4.321606e-01 -nan
8.251715e-01 8.388310e-01 1.508829e+00 -nan
8.210242e-01 8.358692e-01 -nan 8.720692e-01
8.152511e-01 8.258452e-01 -1.017368e+00 -6.991863e-01
8.206241e-01 7.590292e-01 -nan -nan
8.169756e-01 8.454093e-01 3.188143e-02 -nan
8.207588e-01 8.315657e-01 -nan -6.005017e-02
8.170363e-01 7.562638e-01 -1.074831e+00 -2.073529e+00
8.169986e-01 7.435285e-01 -9.650194e-01 1.881001e+00
8.171882e-01 7.739886e-01 -4.112032e-01 -nan
8.130042e-01 7.190062e-01 1.048938e+00 -nan
8.177426e-01 8.161745e-01 -5.689560e-01 -2.136260e+00
8.104290e-01 8.306994e-01 -nan -5.321046e+00
8.085861e-01 7.300549e-01 -2.397436e-01 4.929632e-01
8.152519e-01 7.368889e-01 -nan -nan
8.153311e-01 7.449852e-01 -nan -nan
8.180865e-01 8.442205e-01 -5.349339e-01 -3.229375e+00
8.265165e-01 8.307639e-01 -5.760725e-01 -3.647258e+00
8.097667e-01 7.940753e-01 -4.075612e-01 -nan
8.141114e-01 8.413493e-01 -3.354156e-01 -nan
8.184212e-01 7.496152e-01 -4.461698e-01 -7.303991e-01
8.207473e-01 8.778804e-01 -nan -nan
8.136906e-01 8.106093e-01 -nan -3.820153e-01
8.214854e-01 8.221458e-01 -1.397812e+00 -nan
8.141756e-01 7.698997e-01 -nan -nan
8.168578e-01 8.030395e-01 -5.688343e-01 -1.827202e+00
8.197221e-01 6.892990e-01 -1.549511e-01 -nan
8.195826e-01 8.693402e-01 -nan 1.256314e+00
8.134705e-01 6.973350e-01 -1.341443e-01 -nan
8.205031e-01 7.636731e-01 -4.731733e-01 -nan
8.176406e-01 7.770544e-01 1.002749e+00 -nan
8.204373e-01 8.303271e-01 -nan -nan
8.244937e-01 7.936929e-01 -nan -nan
8.162313e-01 7.956522e-01 3.036900e+00 -nan
8.195278e-01 7.447911e-01 1.764839e-01 -nan
8.151885e-01 7.733250e-01 2.264883e-01 -2.404518e+00
8.214436e-01 8.168231e-01 4.545649e-01 -1.519362e+00
8.132939e-01 6.959477e-01 -nan -1.253425e+00
8.166838e-01 8.005496e-01 -nan 4.932174e+00
8.145463e-01 7.566626e-01 2.196601e+00 -3.457532e+00
8.259433e-01 7.061950e-01 3.524073e-03 -nan
8.161853e-01 7.652623e-01 2.482988e-01 -nan
8.190646e-01 7.909782e-01 5.548657e-01 9.403908e-01
8.204446e-01 7.894353e-01 6.579424e-01 -nan
8.183259e-01 6.660314e-01 -9.742993e-02 -1.767519e-02
8.243851e-01 7.082719e-01 -nan -nan
8.179924e-01 6.652370e-01 -6.563830e-01 4.995858e-01
8.266485e-01 7.388003e-01 -nan -nan
8.199650e-01 7.864203e-01 6.815209e-03 -1.048883e+01
8.146192e-01 7.691986e-01 -6.284357e-01 -1.615569e+00
8.226798e-01 8.299114e-01 1.867755e-04 2.637061e-01
8.184445e-01 6.608129e-01 1.111233e-01 -nan
8.224814e-01 7.775720e-01 -7.161466e-01 -nan
8.141712e-01 7.648887e-01 -nan -nan
8.296679e-01 7.184185e-01 -nan -nan
8.180556e-01 7.905679e-01 -nan -nan
8.169388e-01 8.432041e-01 -nan 6.622957e-01
8.316622e-01 8.096669e-01 -nan -nan
8.210314e-01 7.454218e-01 -nan -2.684925e+00
8.144426e-01 8.693517e-01 5.913452e-01 -nan
8.231483e-01 7.500873e-01 -nan -nan
8.116158e-01 8.031772e-01 -nan -nan
8.188103e-01 7.618292e-01 -nan 1.234015e+00
8.253539e-01 7.276289e-01 -1.076683e-01 -nan
8.251539e-01 7.630085e-01 -nan -nan
8.152923e-01 7.880455e-01 1.240283e+00 -3.507766e-01
8.169671e-01 8.407728e-01 -nan -nan
8.239688e-01 7.652899e-01 2.594748e+00 4.949525e+00
8.174062e-01 7.675439e-01 7.978570e-01 -nan
8.162105e-01 7.176844e-01 2.924525e-01 -4.842098e-01
8.239755e-01 7.479041e-01 2.152657e-01 -nan
8.177717e-01 7.917176e-01 1.964697e+00 9.465037e-01
8.140653e-01 8.091131e-01 -nan -8.434617e-01
8.184220e-01 6.836297e-01 4.814725e-01 -7.094212e+00
8.238352e-01 7.107088e-01 -nan 1.520690e+00
8.152204e-01 8.079210e-01 1.862968e+00 -nan
8.203683e-01 7.112740e-01 -nan -nan
8.177840e-01 8.176718e-01 -nan -nan
8.251171e-01 7.475651e-01 -5.066537e-01 -nan
8.137722e-01 7.385544e-01 2.763169e-01 -1.120120e+00
8.205130e-01 7.702686e-01 -nan 1.852034e-01
8.167784e-01 7.308111e-01 -nan -nan
8.177317e-01 8.266292e-01 -1.595525e+00 -4.455530e-01
8.206283e-01 8.568662e-01 -8.816637e-02 -1.769491e+00
8.117591e-01 7.790270e-01 3.794968e-01 -nan
8.125805e-01 7.431300e-01 -1.078887e+00 -1.540998e+00
8.199718e-01 7.553773e-01 1.701012e+00 -nan
8.114621e-01 7.748972e-01 1.024873e+00 -nan
8.189836e-01 8.020655e-01 3.623141e-01 -nan
8.170804e-01 7.895554e-01 1.747963e+00 -1.789500e+00
8.152949e-01 6.730774e-01 3.918520e-01 -nan
8.244327e-01 7.844726e-01 -8.819678e-01 8.338174e-01
8.088443e-01 8.310712e-01 -9.525210e-02 -1.261160e+00
8.200399e-01 7.405709e-01 3.135245e-01 -nan
8.290903e-01 7.635516e-01 -nan -1.036455e+01
8.121726e-01 8.033569e-01 -nan -nan
8.154492e-01 7.046046e-01 -4.433517e-01 1.179000e+00
8.284638e-01 7.573811e-01 3.962019e-01 -4.636913e-01
8.156200e-01 7.421244e-01 -4.397735e-01 -nan
8.136882e-01 7.657799e-01 -1.661719e-01 -nan
8.156632e-01 6.957743e-01 1.974973e-01 -3.891328e+00
8.181027e-01 8.196718e-01 1.734030e+00 -1.286929e+00
8.162983e-01 7.488530e-01 1.107015e-01 -1.271071e+00
8.263645e-01 8.011226e-01 -8.956987e-01 -1.287901e+00
8.214689e-01 7.015559e-01 -5.904233e-01 -2.760413e+00
8.184485e-01 7.314790e-01 5.138871e-01 -7.637039e+00
8.221581e-01 8.276524e-01 -nan -1.104996e+00
8.194329e-01 8.052052e-01 2.304210e-01 5.557071e-01
8.220011e-01 7.939085e-01 1.329951e+00 1.977666e+00
8.136114e-01 7.481424e-01 7.939261e-01 -1.091604e+00
8.179595e-01 8.535583e-01 -7.392932e-01 -8.915357e-01
8.082186e-01 7.543890e-01 2.613464e+00 -nan
8.216801e-01 8.091941e-01 1.450427e+00 -3.954881e-01
8.232698e-01 8.572826e-01 3.577285e-01 6.405817e-01
8.220384e-01 7.573924e-01 -1.077547e-01 1.936420e+00
8.191947e-01 8.583259e-01 -nan -5.649939e-01
8.181629e-01 6.475332e-01 3.426616e-01 -nan
8.167298e-01 8.239367e-01 -nan -2.077596e-02
8.125846e-01 6.973088e-01 -5.390859e-01 -1.895181e+00
8.185917e-01 7.455797e-01 4.703604e-01 6.521350e-01
8.118181e-01 8.385783e-01 -nan 2.318083e+00
8.170873e-01 8.567796e-01 -2.966212e-01 -nan
8.181992e-01 7.025681e-01 1.065540e+00 -6.304476e-01
8.161292e-01 7.505170e-01 -nan 7.294580e-01
8.128765e-01 7.671804e-01 1.430746e-01 2.688617e-01
8.183063e-01 8.407743e-01 8.573001e-01 -nan
8.231645e-01 7.582560e-01 7.411194e-01 1.031325e+00
8.141633e-01 8.703249e-01 -nan -6.678224e-01
8.157007e-01 7.200816e-01 3.831392e+00 -nan
8.136460e-01 8.171189e-01 -2.167208e-01 -2.860895e+00
8.235862e-01 7.620959e-01 -nan -nan
8.203214e-01 8.061999e-01 1.374804e-01 -nan
8.129443e-01 6.466779e-01 -7.103714e-01 -4.220180e+00
8.251365e-01 7.975547e-01 7.655903e+00 -nan
8.151230e-01 7.261712e-01 3.969250e-01 -3.190863e+00
8.132093e-01 7.717640e-01 2.373426e-01 3.018204e-01
8.115603e-01 7.705818e-01 -7.406462e-01 -4.797225e+00
8.196198e-01 7.315898e-01 2.392651e+00 -nan
8.126319e-01 8.074859e-01 2.005840e-01 -nan
8.105055e-01 7.059672e-01 -nan -nan
8.107641e-01 7.797555e-01 3.090525e+00 6.015625e+00
8.120925e-01 7.635091e-01 2.888240e+00 4.044663e+00
8.191956e-01 7.796903e-01 5.160650e-01 -nan
8.254325e-01 7.206062e-01 8.463473e-01 -nan
8.234155e-01 7.699781e-01 -6.590347e-01 -nan
8.121111e-01 7.394966e-01 -nan -nan
8.250628e-01 7.887435e-01 -nan 4.063566e+00
8.142280e-01 7.093384e-01 2.425380e+00 3.062467e+00
8.143210e-01 7.647140e-01 -4.071746e-01 -nan
8.152052e-01 6.483089e-01 -5.514461e-01 -nan
8.154069e-01 7.690561e-01 -7.516159e-03 -nan
8.190349e-01 7.807825e-01 5.516644e-01 -nan
8.183567e-01 8.167265e-01 -4.619556e-01 -3.124718e+00
8.220115e-01 7.600234e-01 -3.230005e-01 -nan
8.187542e-01 7.517448e-01 -nan -nan
8.230702e-01 8.177272e-01 -nan 7.817698e-01
8.276413e-01 7.577301e-01 -5.380645e-01 -1.681070e+00
8.158007e-01 7.288432e-01 5.021126e+00 -nan
8.154360e-01 7.397383e-01 -5.000257e-01 1.186341e+00
8.139766e-01 7.797545e-01 -nan 4.766305e-01
8.158692e-01 7.490629e-01 -5.134740e-01 -1.580881e-02
8.170373e-01 7.619994e-01 2.119845e-01 -nan
8.206615e-01 7.768921e-01 -7.945557e-01 -1.633240e-01
8.176325e-01 8.527587e-01 1.491661e-01 -nan
8.253179e-01 8.371650e-01 -6.408789e-01 -nan
8.274146e-01 7.725504e-01 -2.436178e-01 -7.885570e+00
8.297870e-01 7.909487e-01 -5.970213e-01 -6.507140e+00
8.192882e-01 7.784630e-01 1.387739e+00 -nan
8.230524e-01 7.720835e-01 -nan -2.108380e-01
8.257661e-01 7.611549e-01 3.652873e-01 -1.368105e-01
8.222842e-01 7.683164e-01 -1.572823e-01 -nan
8.184814e-01 7.501837e-01 -nan -8.592206e+00
8.195668e-01 8.820373e-01 -nan -8.253954e-01
8.160429e-01 7.314642e-01 -nan -nan
8.202644e-01 7.849060e-01 -7.043570e-01 -nan
8.168619e-01 7.986043e-01 -nan -nan
8.156012e-01 7.911393e-01 1.930940e-01 8.107084e-01
8.146730e-01 7.081933e-01 1.066024e+00 -nan
8.172714e-01 7.204416e-01 -nan -4.351773e-01
8.167649e-01 8.055076e-01 6.057789e-01 1.434064e+00
8.207569e-01 8.439707e-01 -4.169302e-01 -nan
8.239033e-01 8.273190e-01 -2.798744e-01 -7.714088e-01
8.211338e-01 8.575777e-01 1.041279e+00 -nan
8.195392e-01 7.898150e-01 1.347459e-01 -2.701788e+00
8.255886e-01 6.913117e-01 -nan 1.373941e-01
8.101777e-01 7.158310e-01 -nan -nan
8.197288e-01 6.881179e-01 -nan -2.038255e+00
8.132619e-01 7.659943e-01 1.095743e+00 -nan
8.163079e-01 8.980338e-01 -7.048399e-01 -nan
8.190077e-01 7.240072e-01 -6.397960e-01 3.509471e-01
8.226928e-01 7.173251e-01 -6.109787e-01 -nan
8.257543e-01 7.520747e-01 -nan 1.941486e-02
8.150178e-01 7.948424e-01 -7.709915e-01 -nan
8.315417e-01 7.836869e-01 -4.489069e-01 -2.413908e+00
8.205072e-01 7.709192e-01 9.145590e-01 -4.301393e+00
8.217591e-01 7.979004e-01 -4.018266e-01 -nan
8.101256e-01 8.235227e-01 -2.972167e-01 -9.534697e-01
8.127426e-01 7.490592e-01 -nan 6.212018e-01
8.177776e-01 8.484327e-01 -nan -nan
8.184314e-01 8.288496e-01 4.079548e-01 8.311572e-01
8.211285e-01 7.957502e-01 -5.393774e-01 -3.095973e+00
8.231195e-01 6.759318e-01 4.647181e-01 1.434532e+00
8.093669e-01 7.177012e-01 3.695095e+00 -nan
8.245235e-01 8.398106e-01 -9.594338e-01 1.755571e-01
8.193865e-01 6.934487e-01 2.983896e-01 6.785013e-01
8.167660e-01 8.031730e-01 -4.312229e-01 -nan
8.193049e-01 7.759310e-01 -7.621098e-01 -1.830311e+00
8.229844e-01 6.843696e-01 -2.417724e-01 -1.254988e+00
8.124834e-01 7.210881e-01 -8.744279e-01 2.547549e+00
8.189527e-01 7.424196e-01 -6.254843e-01 -nan
8.197852e-01 7.674715e-01 1.396917e-01 -9.468445e-01
8.214522e-01 7.755657e-01 3.779104e-01 -1.096314e+01
8.223695e-01 6.959606e-01 -7.167841e-02 -1.422689e+00
8.166666e-01 8.130402e-01 -1.400738e+00 -nan
8.179953e-01 8.749165e-01 9.764893e-02 -nan
8.133047e-01 7.300235e-01 5.107359e+00 -nan
8.165673e-01 7.918965e-01 -nan -1.912717e+00
8.275856e-01 7.762426e-01 1.245307e+00 -nan
8.248705e-01 7.396938e-01 -5.635090e-01 -nan
8.117521e-01 7.008340e-01 -7.758648e-01 -4.636946e+00
8.206810e-01 7.511103e-01 -nan 2.724313e-01
8.229551e-01 8.098134e-01 -nan -nan
8.188382e-01 7.896266e-01 1.613790e+00 -nan
8.134220e-01 7.768403e-01 -3.092130e-01 -nan
8.181020e-01 8.069623e-01 2.152741e-01 -2.035255e+00
8.189830e-01 7.355286e-01 5.166781e-01 -nan
8.181401e-01 8.124729e-01 -3.392715e-01 2.810224e+00
8.149096e-01 7.973797e-01 -6.366471e-03 -9.502775e-01
8.139960e-01 7.448561e-01 3.541458e-01 -nan
8.152379e-01 7.513700e-01 1.618767e+00 -nan
8.237210e-01 8.189499e-01 -1.661171e+00 -5.231803e-01
8.176591e-01 7.448432e-01 -1.104855e-01 -nan
8.191716e-01 7.644859e-01 2.481524e+00 -nan
8.224065e-01 7.517831e-01 -nan -5.067652e-01
8.138225e-01 6.942210e-01 -nan -nan
8.155033e-01 8.013859e-01 -nan -1.858948e-01
8.241666e-01 7.459701e-01 -1.041537e-01 -nan
8.150446e-01 8.352207e-01 -nan -2.688184e-01
8.252071e-01 8.940166e-01 3.641046e-02 -nan
8.164083e-01 7.690994e-01 -2.642447e-01 -2.051775e+00
8.111253e-01 8.242978e-01 -nan 1.667899e+00
8.254096e-01 7.856616e-01 -nan -nan
8.125247e-01 7.598682e-01 -nan -nan
8.150771e-01 7.745270e-01 -6.312167e-02 -nan
8.144380e-01 8.012389e-01 8.407985e-01 -2.401932e+00
8.252829e-01 8.494094e-01 8.637142e-01 -3.761038e+00
8.081341e-01 7.604976e-01 -3.667201e-01 -nan
8.158549e-01 6.813117e-01 1.021155e+00 1.122605e+00
8.179687e-01 7.071165e-01 6.918480e-01 -3.910240e+00
8.189333e-01 8.570611e-01 -nan -nan
8.087149e-01 7.938145e-01 4.693952e-01 -nan
8.188935e-01 7.662149e-01 1.056623e+00 -nan
8.197508e-01 8.296221e-01 7.460450e-01 -nan
8.170443e-01 7.267728e-01 -nan -nan
8.162737e-01 7.708152e-01 -nan -nan
8.130786e-01 7.932971e-01 2.887550e+00 -nan
8.241288e-01 7.259068e-01 -nan 1.343483e+00
8.237896e-01 8.054979e-01 4.166047e-01 -nan
8.167519e-01 8.062462e-01 -9.901352e-01 -nan
8.257073e-01 8.130208e-01 -nan -nan
8.183126e-01 7.315777e-01 -nan -nan
8.198073e-01 6.932963e-01 -nan 1.704855e+00
8.174711e-01 7.302282e-01 -nan -nan
8.148281e-01 7.583544e-01 -nan 1.609474e+00
8.246834e-01 7.455749e-01 4.647425e-02 -nan
8.185539e-01 8.582042e-01 -nan -8.889198e-01
8.203603e-01 7.717156e-01 -1.412366e+00 -nan
8.183684e-01 8.095303e-01 -nan -nan
8.210895e-01 8.349204e-01 -nan -nan
8.264348e-01 7.699928e-01 -nan 1.002133e+00
8.263566e-01 8.267421e-01 8.205562e-01 -1.097707e+00
8.228576e-01 8.310449e-01 -5.631757e-01 1.451058e-01
8.179068e-01 7.776556e-01 7.907130e-01 -3.767276e-01
8.266114e-01 6.950754e-01 -3.457248e-01 -2.957273e+00
8.177834e-01 8.154584e-01 4.973695e-01 -nan
8.259220e-01 7.636957e-01 2.080353e+00 3.375996e+00
8.157316e-01 8.673624e-01 -nan -nan
8.223844e-01 7.786560e-01 1.990910e-01 1.544587e+00
8.193960e-01 7.147596e-01 -nan -2.768791e-01
8.263071e-01 8.692118e-01 -nan 3.238630e-01
8.221584e-01 8.311640e-01 -6.983128e-01 -nan
8.217013e-01 7.133673e-01 1.124223e+00 -nan
8.138958e-01 6.995897e-01 1.550920e+00 -nan
8.228022e-01 7.478280e-01 -7.255599e-01 6.654824e-01
8.252876e-01 8.944954e-01 -nan 9.449025e-01
8.159849e-01 7.571042e-01 1.288810e+00 3.559774e+00
8.173587e-01 6.580901e-01 1.439671e+00 -2.768734e-01
8.218835e-01 7.607571e-01 4.807393e-01 -3.532127e+00
8.083779e-01 6.990157e-01 -nan -nan
8.236159e-01 7.083444e-01 2.347267e-01 -nan
8.216947e-01 8.535619e-01 -8.516147e-01 -3.092804e+00
8.240585e-01 7.757060e-01 3.627314e-01 -1.349552e+00
8.117177e-01 8.058063e-01 8.590222e-02 -3.490950e-01
8.241261e-01 7.670722e-01 -3.964774e-01 -nan
8.200816e-01 8.085546e-01 -nan -nan
8.187163e-01 8.095687e-01 -nan 2.544686e+00
8.150674e-01 7.247615e-01 -nan 5.299856e-02
8.174015e-01 7.800645e-01 2.128322e+00 5.396812e+00
8.196229e-01 8.437499e-01 2.403717e-01 -nan
8.222861e-01 7.966695e-01 8.311247e-02 -4.541100e+00
8.223928e-01 8.074109e-01 -nan -2.923951e+00
8.113969e-01 7.615027e-01 -nan -3.174804e+00
8.256093e-01 8.790220e-01 -1.204069e+00 6.519624e-01
8.199164e-01 7.099670e-01 -nan -nan
8.235944e-01 7.929750e-01 -nan 1.603233e+00
8.242994e-01 8.974967e-01 -6.774030e-01 -1.089001e+00
8.199318e-01 7.678178e-01 -1.846682e-01 -nan
8.244450e-01 8.299161e-01 -nan -nan
8.199900e-01 7.597385e-01 -nan -4.668798e+00
8.201935e-01 7.524257e-01 4.402612e-02 -3.933173e+00
8.107662e-01 7.984321e-01 -nan -nan
8.148543e-01 6.914876e-01 1.865764e+00 -nan
8.190884e-01 7.707133e-01 -4.290779e-02 -nan
8.221649e-01 8.366491e-01 1.320269e+00 3.292241e+00
8.134469e-01 7.026632e-01 2.676614e-01 -nan
8.177101e-01 9.015072e-01 -nan 6.888865e-01
8.277654e-01 6.626158e-01 5.469166e-01 2.767993e+00
8.226401e-01 8.841742e-01 -1.452095e+00 -nan
8.153326e-01 7.773883e-01 1.042476e+00 -nan
8.211863e-01 7.929734e-01 -1.190603e-01 -nan
8.188947e-01 8.173137e-01 1.447334e+00 -nan
8.220356e-01 8.155847e-01 -1.047424e+00 -1.812664e+00
8.164483e-01 8.518556e-01 -nan -nan
8.204612e-01 8.028116e-01 -nan -1.278245e+00
8.121393e-01 7.823682e-01 3.153698e+00 2.235100e+00
8.233794e-01 7.530888e-01 5.882487e-01 -nan
8.049366e-01 8.214241e-01 -4.815759e-01 -2.053477e+00
8.128395e-01 7.565176e-01 -4.271585e-01 -nan
8.261659e-01 8.366254e-01 -nan -nan
8.275357e-01 8.089427e-01 -nan -1.001132e+00
8.247486e-01 8.110786e-01 -nan 1.535074e+00
8.126616e-01 7.417943e-01 1.691349e+00 1.393099e+00
8.217259e-01 8.432398e-01 -nan -nan
8.081737e-01 7.344718e-01 -nan -nan
8.158836e-01 7.550059e-01 2.775376e-01 -3.548637e+00
8.195981e-01 7.670679e-01 -nan -nan
8.195375e-01 7.421075e-01 -2.317000e-01 3.141152e+00
8.157996e-01 7.037844e-01 -2.297870e-01 -nan
8.213214e-01 8.138957e-01 -4.541667e-01 -nan
8.185778e-01 7.115393e-01 -6.860404e-02 -1.222876e+01
8.286611e-01 8.661051e-01 -nan -5.946798e+00
8.235072e-01 8.184657e-01 -1.336515e+00 -6.295845e+00
8.163971e-01 6.797716e-01 7.930823e-01 -4.092283e-01
8.118369e-01 7.707094e-01 4.804277e+00 -nan
8.098721e-01 6.965787e-01 -5.242038e-01 -nan
8.199093e-01 7.614888e-01 -nan 7.024697e-02
8.180304e-01 8.507529e-01 1.088941e+00 7.346911e-01
8.156749e-01 8.575557e-01 -nan -9.329161e-01
8.175764e-01 7.668354e-01 -nan -1.250084e+00
8.173595e-01 6.881867e-01 8.336036e-01 -nan
8.262138e-01 6.906187e-01 -nan 7.473461e-02
8.224684e-01 7.365762e-01 4.015102e-01 -nan
8.131886e-01 7.512560e-01 2.506715e+00 2.237930e+00
8.226462e-01 7.442927e-01 -nan -nan
8.253622e-01 7.694556e-01 4.640587e-01 -4.180296e+00
8.179676e-01 7.449409e-01 1.837971e+00 -nan
8.244739e-01 8.300069e-01 -3.595685e-01 -3.010819e+00
8.195678e-01 8.121619e-01 -5.988988e-01 -2.589853e+00
8.211899e-01 7.580900e-01 -nan -nan
8.148583e-01 8.206188e-01 -6.907683e-01 -1.368548e-02
8.199459e-01 7.670748e-01 -nan -nan
8.095762e-01 8.041446e-01 4.323336e-01 -nan
8.236238e-01 8.023552e-01 -1.316894e+00 -nan
8.195724e-01 7.414129e-01 -5.512447e-01 -3.223588e-01
8.134006e-01 7.781709e-01 -9.467690e-01 -nan
8.137447e-01 7.446665e-01 -nan 3.695215e-01
8.215168e-01 7.689851e-01 -nan -nan
8.167845e-01 8.379009e-01 -7.167307e-02 -5.378276e-01
8.186568e-01 7.429132e-01 6.160124e-01 -1.885006e+00
8.165942e-01 6.822076e-01 9.371995e-02 -3.024752e+00
8.228921e-01 7.809219e-01 -1.376902e-02 -nan
8.184881e-01 7.524094e-01 -4.081620e-01 -nan
8.213746e-01 8.182967e-01 1.755225e+00 -4.571725e-01
8.137534e-01 7.257203e-01 7.696323e-01 1.437538e+00
8.102250e-01 7.535390e-01 -3.236931e-01 -nan
8.124060e-01 6.666580e-01 -3.744287e-01 -nan
8.206234e-01 7.299506e-01 3.763461e-01 -nan
8.234771e-01 7.231620e-01 2.344632e-01 -5.062530e+00
8.183119e-01 7.204838e-01 -nan -nan
8.273072e-01 7.520578e-01 -9.212741e-02 -nan
8.321735e-01 8.279742e-01 -nan -2.102731e+00
8.152489e-01 8.185071e-01 1.002449e+00 2.243576e+00
8.121592e-01 8.041504e-01 1.384141e+00 -nan
8.152507e-01 7.461109e-01 -nan -1.192311e+00
8.319382e-01 7.960905e-01 3.574826e+00 -nan
8.213786e-01 8.534129e-01 -6.614002e-02 -nan
8.196213e-01 7.332928e-01 8.610912e-01 -nan
8.182345e-01 7.775987e-01 -4.497722e-01 -nan
8.196126e-01 6.717578e-01 -nan -nan
8.206134e-01 7.003451e-01 -nan 1.735445e+00
8.210480e-01 7.574308e-01 -nan -6.477551e+00
8.296527e-01 7.809758e-01 -3.889902e-01 -2.603722e+00
8.176474e-01 7.737937e-01 -5.924902e-02 -nan
8.215870e-01 6.844993e-01 4.234759e-01 5.083647e+00
8.153139e-01 6.886407e-01 -1.174684e-02 5.609092e-02
8.196467e-01 7.304346e-01 2.504952e+00 2.213943e+00
8.229779e-01 7.495364e-01 -7.318445e-01 -nan
8.130005e-01 7.719807e-01 4.753200e-01 -nan
8.199611e-01 8.498374e-01 -nan -nan
8.148160e-01 7.678719e-01 -7.903631e-02 -nan
8.210081e-01 7.437190e-01 -5.533609e-01 7.055580e-01
8.160150e-01 6.753228e-01 3.498300e-01 -1.336019e+00
8.258984e-01 7.989391e-01 3.180175e-01 1.323882e+00
8.219980e-01 7.991437e-01 7.756338e-01 -nan
8.181439e-01 7.510726e-01 -nan 2.340694e+00
8.108420e-01 7.090665e-01 -nan -3.110598e+00
8.177633e-01 7.614559e-01 1.510626e+00 -nan
8.317604e-01 7.993745e-01 7.781640e-01 3.724844e+00
8.213400e-01 8.260618e-01 -2.413478e-01 -nan
8.157649e-01 7.042101e-01 -2.513187e-01 -nan
8.176639e-01 7.557658e-01 1.172956e+00 -nan
8.183124e-01 7.358607e-01 -9.153308e-01 -nan
8.194404e-01 8.397016e-01 -3.820452e-01 -nan
8.268542e-01 7.990513e-01 -nan 3.103850e+00
8.207933e-01 8.188462e-01 6.430596e-01 1.750210e+00
8.137938e-01 6.789579e-01 2.477345e-01 -nan
8.187114e-01 7.823946e-01 -nan 1.643067e-01
8.324442e-01 7.369795e-01 -9.741403e-01 -9.644222e-01
8.185212e-01 7.653592e-01 1.099295e-01 -nan
8.219812e-01 7.514230e-01 -6.838148e-01 -3.171435e+00
8.181345e-01 7.407907e-01 -nan -nan
8.252150e-01 7.860356e-01 -nan -nan
8.213589e-01 7.652209e-01 -7.855882e-02 3.883518e+00
8.181181e-01 7.847169e-01 6.717510e-01 -nan
8.117450e-01 6.317578e-01 -nan -nan
8.044106e-01 8.509407e-01 -1.620490e-01 -nan
8.184398e-01 7.800173e-01 -nan -nan
8.200491e-01 7.929460e-01 1.920359e+00 -1.119404e-01
8.159162e-01 7.721232e-01 -nan -nan
8.190093e-01 7.612573e-01 -3.054242e-01 -7.039793e-01
8.079536e-01 8.350269e-01 -nan -9.640230e-02
8.120134e-01 7.768498e-01 -nan -nan
8.238927e-01 7.243384e-01 6.149828e-01 -nan
8.199714e-01 7.718140e-01 6.890903e-01 1.481996e+00
8.115254e-01 8.158709e-01 -9.577557e-01 -1.027113e+00
8.164310e-01 7.368728e-01 1.526995e+00 1.335258e+00
8.221123e-01 7.663998e-01 -6.875573e-01 -1.354151e+00
8.206842e-01 7.461226e-01 -nan -nan
8.253721e-01 8.201490e-01 3.903647e+00 4.219863e+00
8.256609e-01 8.171894e-01 -nan 3.938562e-01
8.199005e-01 7.748036e-01 -nan -nan
8.238578e-01 8.013812e-01 -nan -nan
8.201018e-01 7.824530e-01 7.932431e-01 -1.973808e+00
8.130801e-01 7.356684e-01 -3.405201e-02 8.139968e-01
8.120950e-01 7.548569e-01 -6.239332e-01 1.601274e+00
8.162720e-01 7.644622e-01 -nan -nan
8.128987e-01 7.636754e-01 1.036655e-01 9.414562e-01
8.208247e-01 7.426825e-01 -nan -nan
8.193588e-01 7.551756e-01 1.367427e+00 -nan
8.172810e-01 7.563460e-01 -nan -1.150483e+00
8.182391e-01 8.318756e-01 5.998648e-02 -4.124031e+00
8.255022e-01 7.343300e-01 -2.229580e-01 -3.870685e+00
8.183761e-01 7.583795e-01 9.764070e-02 -1.023197e+00
8.232364e-01 8.124229e-01 -nan -nan
8.223330e-01 7.552534e-01 -1.577056e+00 -nan
8.166247e-01 7.052657e-01 -1.011423e+00 -nan
8.198086e-01 7.799274e-01 1.918157e+00 -nan
8.300049e-01 7.296287e-01 -1.653470e-01 -nan
8.159662e-01 8.452165e-01 -nan -nan
8.162922e-01 7.488378e-01 1.939983e+00 1.673529e+00
8.124930e-01 7.886552e-01 5.269494e-01 -nan
8.085684e-01 7.912721e-01 -2.743177e-01 1.012958e+00
8.167136e-01 7.884694e-01 -nan -4.296111e+00
8.199693e-01 7.149565e-01 -nan -1.297189e+00
8.114014e-01 7.557184e-01 -nan -nan
8.182126e-01 7.712744e-01 3.965817e-01 -3.115029e+00
8.257629e-01 7.445379e-01 1.342430e+00 -1.148920e+00
8.165502e-01 7.363542e-01 -nan -nan
8.212161e-01 7.826707e-01 -nan -nan
8.190670e-01 8.093104e-01 1.199821e+00 -nan
8.195640e-01 7.864377e-01 1.213309e-01 -nan
8.189538e-01 7.642717e-01 1.485495e-01 1.701373e+00
8.168055e-01 7.970693e-01 -nan -nan
8.151830e-01 7.162409e-01 -3.664556e-01 -nan
8.090529e-01 7.780659e-01 2.980462e+00 -nan
8.267946e-01 7.161303e-01 -nan 3.693655e+00
8.127506e-01 8.009247e-01 6.548712e-01 -nan
8.229443e-01 7.797570e-01 -4.719610e-01 -nan
8.193196e-01 7.912311e-01 4.009558e+00 -nan
8.162029e-01 8.661194e-01 7.853417e-01 -3.230208e+00
8.224862e-01 7.988138e-01 -4.569025e-01 -nan
8.181376e-01 8.449057e-01 -nan -7.012290e+00
8.159927e-01 7.892393e-01 -2.152975e-01 -nan
8.177746e-01 7.552369e-01 -nan -1.451362e+00
8.153521e-01 7.622034e-01 1.017336e+00 -4.857633e+00
8.250333e-01 7.623275e-01 4.771814e-01 -nan
8.233868e-01 8.344803e-01 6.193664e-02 -3.964699e+00
8.181744e-01 7.527676e-01 1.064178e+00 -1.218769e+00
8.241383e-01 6.777703e-01 1.421628e+00 1.634153e+00
8.210695e-01 7.727151e-01 2.912360e-01 -nan
8.161245e-01 7.683571e-01 -nan 1.058867e-01
8.211735e-01 8.339379e-01 -nan 1.021184e+00
8.168073e-01 7.540129e-01 6.989275e-01 -1.210890e+00
8.157663e-01 7.485195e-01 -2.821480e-01 -nan
8.118266e-01 8.409572e-01 4.554819e-01 3.647782e+00
8.211896e-01 8.066432e-01 3.674523e-01 -nan
8.152574e-01 8.117272e-01 1.081871e+00 -nan
8.166560e-01 7.662923e-01 -3.082365e-01 -nan
8.222892e-01 7.354614e-01 -nan -nan
8.112339e-01 7.620544e-01 -nan -nan
8.204363e-01 7.977614e-01 1.095610e+00 1.927021e+00
8.169977e-01 7.121904e-01 1.520929e+00 -6.085955e-01
8.194190e-01 8.245870e-01 -1.007031e+00 -nan
8.160440e-01 8.255700e-01 -1.906357e-01 -nan
8.226256e-01 7.102516e-01 -nan -nan
8.267859e-01 7.476469e-01 -6.635730e-01 -nan
8.276768e-01 8.185300e-01 7.958218e-01 -nan
8.137567e-01 8.369072e-01 -nan -1.280699e+00
8.260478e-01 7.754606e-01 -nan -nan
8.175054e-01 7.744899e-01 2.138073e-01 -4.698164e-01
8.212819e-01 7.653669e-01 -nan -nan
8.157573e-01 7.967777e-01 -nan -nan
8.145226e-01 7.024758e-01 -nan 3.666235e+00
8.196275e-01 8.354631e-01 -4.496937e-01 -nan
8.161442e-01 8.604790e-01 -6.104690e-01 -nan
8.168954e-01 8.176881e-01 -1.741059e-01 -7.902381e-01
8.164525e-01 7.840838e-01 2.246345e-01 -2.014756e+00
8.133986e-01 7.110052e-01 2.147763e+00 -nan
8.203584e-01 7.610862e-01 2.271326e-01 -nan
8.238466e-01 6.963971e-01 8.675771e-01 -nan
8.154549e-01 8.113753e-01 -4.669274e-01 -3.345543e-01
8.205221e-01 7.871363e-01 -6.031988e-01 -9.773246e+00
8.215640e-01 7.864646e-01 -nan -9.896735e-01
8.180099e-01 7.661726e-01 -1.572604e-02 -nan
8.226067e-01 7.333031e-01 3.542072e+00 -nan
8.150269e-01 7.158830e-01 2.888833e-01 -nan
8.181389e-01 7.883164e-01 6.836962e-02 -2.210649e-01
8.147193e-01 8.197414e-01 -9.523066e-01 2.793277e-02
8.139354e-01 7.107046e-01 -nan -nan
8.183650e-01 7.907704e-01 -1.908548e-01 -nan
8.167646e-01 8.071703e-01 -nan 1.354250e+00
8.192566e-01 7.196570e-01 6.132860e-01 -nan
8.165635e-01 8.074405e-01 -nan -1.138895e+00
8.106498e-01 7.540349e-01 -nan -7.692825e-01
8.224770e-01 8.398918e-01 -nan -5.542546e-01
8.202458e-01 7.364437e-01 8.425880e-01 1.133215e+00
8.223119e-01 8.708357e-01 4.021298e-01 -nan
8.169797e-01 7.330399e-01 -8.836378e-01 -2.453799e-01
8.144370e-01 7.733265e-01 -nan 3.984288e+00
8.253355e-01 7.929504e-01 -nan -8.095445e+00
8.228574e-01 7.952078e-01 2.895767e-01 1.742150e+00
8.211309e-01 6.803851e-01 2.964741e+00 -nan
8.138236e-01 7.323084e-01 5.190718e-01 -nan
8.105120e-01 7.513242e-01 8.219810e-01 -nan
8.219409e-01 6.548858e-01 -8.641492e-01 -nan
8.152524e-01 7.315492e-01 2.035413e+00 4.152127e+00
8.165549e-01 7.910160e-01 7.404811e-01 -nan
8.135053e-01 8.832354e-01 -2.204249e-01 -3.264350e+00
8.154913e-01 8.025995e-01 -nan -2.181887e+00
8.143547e-01 7.622541e-01 -nan 1.770770e-01
8.217008e-01 7.438947e-01 2.976560e-01 -1.789500e+00
8.204996e-01 7.417848e-01 -3.106867e-01 6.003499e-02
8.132198e-01 7.502695e-01 1.387237e+00 -1.080575e+00
8.205672e-01 7.312246e-01 -nan 1.472355e+00
8.176764e-01 7.605491e-01 2.194951e+00 -nan
8.190490e-01 7.377196e-01 5.306398e-01 -1.088134e+00
8.254923e-01 7.896815e-01 2.772215e-01 -1.310781e+00
8.168949e-01 7.628309e-01 2.658191e+00 5.426394e+00
8.217727e-01 7.927953e-01 -nan -nan
8.094503e-01 7.644980e-01 1.360956e+00 -nan
8.086922e-01 7.394947e-01 -2.049669e-01 -nan
8.259224e-01 7.848444e-01 -1.465303e-01 1.602113e+00
8.242363e-01 8.960423e-01 -1.140504e+00 -1.040345e+00
8.219707e-01 8.376864e-01 -nan -nan
8.224797e-01 8.389980e-01 -nan -1.304686e+01
8.112516e-01 7.140810e-01 -nan -nan
8.115822e-01 7.811586e-01 3.921885e-01 -3.185543e+00
8.191661e-01 7.777356e-01 -1.426961e+00 -2.677947e+00
8.114698e-01 7.216755e-01 -1.995540e-01 2.417839e+00
8.200055e-01 8.255248e-01 -nan -9.808365e-01
8.228851e-01 8.000729e-01 -nan -nan
8.138089e-01 7.429627e-01 1.705063e+00 -nan
8.226514e-01 8.177848e-01 -nan -nan
8.156391e-01 7.419508e-01 -9.130824e-01 1.946093e+00
8.282542e-01 8.683005e-01 -1.946477e-01 2.659723e+00
8.165007e-01 8.524876e-01 -4.758870e-01 -nan
8.238171e-01 7.172842e-01 -3.998406e-01 -nan
8.187595e-01 7.197667e-01 1.796367e+00 -3.392306e+00
8.152597e-01 8.376775e-01 -8.554114e-02 -1.305679e+00
8.194968e-01 7.376779e-01 9.815134e-01 9.727847e-01
8.241927e-01 6.889649e-01 1.312936e+00 -1.040790e+00
8.098140e-01 7.430974e-01 -nan -3.081442e-01
8.213493e-01 8.723756e-01 -4.164874e-01 -nan
8.158473e-01 7.264460e-01 -7.548706e-01 -6.047835e+00
8.166568e-01 7.537876e-01 1.402845e+00 2.778503e-01
8.227804e-01 7.855147e-01 -2.146632e+00 -nan
8.209108e-01 7.261541e-01 -3.017524e-01 1.060136e+00
8.189607e-01 8.178878e-01 4.762448e-02 -1.101272e+00
8.280279e-01 7.411148e-01 1.373842e+00 -nan
8.335455e-01 8.596510e-01 -nan 1.114468e+00
8.176914e-01 8.768458e-01 2.375014e-01 -4.068108e+00
8.123848e-01 8.035758e-01 -nan -nan
8.068303e-01 7.649024e-01 4.663955e-01 -2.847053e+00
8.211556e-01 7.873605e-01 -3.052382e-01 -nan
8.179695e-01 7.529515e-01 -nan 8.177191e-01
8.198190e-01 7.828783e-01 3.680919e-01 -nan
8.143827e-01 7.330758e-01 -7.210222e-01 -8.592868e+00
8.181281e-01 7.155938e-01 -9.299960e-02 -nan
8.185841e-01 8.061346e-01 -8.095418e-01 -1.752775e+00
8.201539e-01 8.158037e-01 -9.548696e-01 -1.484229e+00
8.145636e-01 7.812737e-01 -nan -3.681041e+00
8.225386e-01 7.028076e-01 -nan -nan
8.187960e-01 8.395034e-01 -1.027782e+00 -7.361658e-01
8.203128e-01 7.633895e-01 -6.221433e-01 -nan
8.168715e-01 7.891579e-01 -nan -nan
8.169118e-01 7.639580e-01 -nan -nan
8.191389e-01 8.674992e-01 -9.271809e-01 -2.958109e-01
8.139381e-01 7.387455e-01 -nan -4.564516e+00
8.231076e-01 7.875347e-01 -nan -nan
8.177061e-01 7.761939e-01 -nan -nan
8.144448e-01 7.270587e-01 -1.906040e-01 -5.979641e+00
8.151367e-01 7.026804e-01 -3.388947e-01 -nan
8.169703e-01 7.750034e-01 -nan -nan
8.114209e-01 7.663577e-01 1.161647e+00 -nan
8.110807e-01 7.363083e-01 -nan 3.309883e+00
8.198717e-01 7.823462e-01 -4.475198e-01 -nan
8.184324e-01 7.421394e-01 -2.242726e-01 -8.815504e-01
8.248210e-01 7.132735e-01 1.470637e+00 -nan
8.157455e-01 7.651512e-01 -1.208900e+00 -1.784815e+00
8.161170e-01 7.978870e-01 6.419437e-01 7.415085e-01
8.152441e-01 7.362125e-01 -nan -3.011360e+00
8.197809e-01 8.970033e-01 8.478838e-01 -7.386035e-01
8.154237e-01 7.134161e-01 -nan -6.748958e-01
8.139375e-01 7.637921e-01 -4.292659e-01 -nan
8.181879e-01 8.162837e-01 -3.610589e-01 -1.750354e+00
8.175106e-01 7.182895e-01 -nan 5.521207e-01
8.238341e-01 7.445888e-01 -nan -nan
8.230201e-01 7.400646e-01 -nan 1.694175e+00
8.302584e-01 7.428132e-01 -5.302103e-01 -nan
8.201584e-01 7.792603e-01 -nan 5.075102e-01
8.215910e-01 8.291585e-01 1.949081e+00 -nan
8.231072e-01 7.987423e-01 -3.078170e-01 -nan
8.229600e-01 7.702108e-01 2.585665e-02 -3.814406e-01
8.218634e-01 7.981446e-01 -nan -nan
8.217465e-01 7.457725e-01 -nan 9.011989e-01
8.170135e-01 7.775028e-01 3.439077e+00 -nan
8.229952e-01 8.574074e-01 1.850145e+00 8.231884e-01
8.184991e-01 7.409162e-01 -nan -1.940634e+00
8.168133e-01 8.099710e-01 -nan 1.137782e+00
8.194953e-01 7.461097e-01 2.611887e-01 -6.750867e+00
8.175823e-01 7.435677e-01 -1.121947e-01 -9.960766e-01
8.115891e-01 6.953235e-01 -nan -9.444896e-01
8.125332e-01 8.123219e-01 2.945306e-01 -5.344748e-01
8.187248e-01 8.120609e-01 1.390020e-01 -nan
8.140206e-01 7.813580e-01 1.268426e+00 2.442152e+00
8.213811e-01 8.216438e-01 -nan -4.025266e+00
8.217345e-01 7.226036e-01 -3.880766e-01 -4.227566e+00
8.187906e-01 7.639170e-01 -6.708613e-01 -5.437600e-01
8.187106e-01 9.473791e-01 -nan -nan
8.220196e-01 8.542201e-01 -nan -nan
8.115301e-01 7.508077e-01 -nan -nan
8.070227e-01 7.447020e-01 -nan -nan
8.140478e-01 7.898905e-01 -1.107952e+00 -2.756239e+00
8.195716e-01 7.765751e-01 -9.035328e-01 -4.859588e+00
8.229946e-01 7.302602e-01 -3.719151e-01 -nan
8.133733e-01 7.311206e-01 -nan -nan
8.210990e-01 6.919621e-01 1.814025e+00 -1.548707e-01
8.214163e-01 8.602204e-01 -5.743825e-01 6.343268e-01
8.186040e-01 7.818844e-01 -9.307200e-01 -3.507348e+00
8.207913e-01 6.813234e-01 1.722116e+00 -nan
8.250867e-01 7.090455e-01 7.359241e-02 -nan
8.167048e-01 7.205940e-01 -4.676043e-01 -nan
8.110884e-01 6.946505e-01 -nan -nan
8.202142e-01 7.809561e-01 -1.006473e+00 -6.300826e-01
8.115301e-01 6.693029e-01 -2.299910e-01 -nan
8.247103e-01 7.759302e-01 -1.754056e-01 -5.201863e-01
8.157023e-01 7.669581e-01 1.721595e+00 -nan
8.172952e-01 8.337672e-01 -nan 7.927912e-01
8.129491e-01 7.022629e-01 -6.559635e-01 -3.609123e+00
8.205670e-01 7.845470e-01 1.969321e+00 2.533026e+00
8.289914e-01 7.295664e-01 4.082003e-01 -1.450471e+00
8.205574e-01 7.566908e-01 -7.635504e-02 -nan
8.151293e-01 7.666538e-01 -6.875653e-01 -4.225459e-01
8.268334e-01 8.085730e-01 -nan -nan
8.088827e-01 7.770581e-01 -1.544863e-01 -nan
8.278373e-01 7.610624e-01 -nan -1.933986e+00
8.101964e-01 7.674293e-01 5.387995e-01 -4.687703e+00
8.180548e-01 7.613216e-01 -2.058886e-01 8.556277e-01
8.172232e-01 8.886659e-01 -2.111345e+00 3.771206e+00
8.266179e-01 8.057060e-01 -nan -nan
8.166902e-01 7.320990e-01 3.968640e-01 -3.045298e+00
8.157327e-01 7.279513e-01 -nan -nan
8.220630e-01 8.178000e-01 -7.653998e-01 -1.604201e+00
8.236379e-01 7.336562e-01 -nan -6.307285e-01
8.087284e-01 6.793684e-01 2.042621e-01 -nan
8.263025e-01 7.634664e-01 -nan -nan
8.187151e-01 7.569059e-01 -nan 1.524145e+00
8.207783e-01 7.330860e-01 -4.243409e-01 -nan
8.208268e-01 8.379330e-01 4.637548e+00 2.054639e+00
8.204773e-01 7.258159e-01 -nan -nan
8.176222e-01 7.526487e-01 -nan -nan
8.231964e-01 8.002799e-01 6.025415e-01 -nan
8.267259e-01 7.799883e-01 7.641924e-02 1.352423e+00
8.183182e-01 8.305493e-01 -1.040702e+00 -nan
8.266693e-01 7.787862e-01 -1.203581e-01 -nan
8.187334e-01 7.652141e-01 1.119436e+00 -nan
8.224663e-01 7.516356e-01 -1.591766e-01 -nan
8.158735e-01 7.373808e-01 2.169491e+00 7.004936e-01
8.146395e-01 7.159273e-01 -6.371916e-01 -nan
8.268183e-01 8.411190e-01 4.523683e-02 -1.229438e+00
8.111912e-01 7.752659e-01 -8.949581e-01 -7.335675e-01
8.280252e-01 8.382137e-01 -6.624142e-01 -nan
8.039890e-01 7.834882e-01 -5.632518e-01 2.258850e-01
8.174328e-01 7.033112e-01 6.782017e-01 6.828021e-01
8.130410e-01 7.847124e-01 -6.768582e-02 -nan
8.203712e-01 7.532431e-01 -nan -nan
8.143633e-01 7.968494e-01 -5.833653e-01 -1.117000e+00
8.178505e-01 7.276005e-01 4.017973e-01 -5.171920e-01
8.156754e-01 7.633218e-01 5.071166e-01 -nan
8.137220e-01 8.047175e-01 -nan -3.759038e+00
8.183512e-01 7.440046e-01 -nan -2.664483e-01
8.251610e-01 7.781685e-01 5.590615e-01 2.280148e-01
8.226218e-01 7.564612e-01 7.113677e-02 -7.129728e-01
8.251716e-01 8.405695e-01 -nan -nan
8.076482e-01 7.744047e-01 -nan -nan
8.284978e-01 7.712686e-01 -nan -nan
8.223128e-01 7.231890e-01 4.594770e-01 -nan
8.274544e-01 8.136880e-01 1.581015e+00 -nan
8.159544e-01 7.669328e-01 -nan -6.432489e-01
8.216932e-01 7.471480e-01 5.976713e-01 -nan
8.237760e-01 8.018920e-01 -8.555619e-02 -nan
8.183880e-01 7.028905e-01 -7.464516e-01 -nan
8.256992e-01 7.099522e-01 -7.296098e-01 -4.100573e-01
8.169430e-01 8.020890e-01 6.963279e-01 -nan
8.147862e-01 7.682895e-01 -nan -nan
8.227993e-01 7.207011e-01 -3.072948e-01 -nan
8.257953e-01 8.178103e-01 -nan 2.177421e+00
8.202229e-01 7.982010e-01 -6.671227e-01 -3.698025e+00
8.165938e-01 7.931139e-01 -nan -nan
8.231332e-01 7.581070e-01 -nan -nan
8.199886e-01 8.156244e-01 4.459681e-01 -nan
8.163698e-01 8.146583e-01 -1.903576e-01 -1.203083e+01
8.167195e-01 8.152870e-01 1.939029e-01 -nan
8.204428e-01 7.681022e-01 2.107080e+00 -nan
8.252724e-01 8.320008e-01 1.233565e+00 -nan
8.234761e-01 8.115667e-01 -1.250022e+00 -3.485339e-01
8.153218e-01 8.255500e-01 -nan -7.737872e-01
8.195488e-01 7.945340e-01 -nan -nan
8.219521e-01 7.695018e-01 -nan -1.719298e+00
8.158485e-01 7.480024e-01 -8.897983e-02 -nan
8.200563e-01 7.902809e-01 2.376062e-01 -nan
8.161509e-01 7.929516e-01 -nan 1.846017e+00
8.248258e-01 8.478292e-01 -nan 4.971731e-01
8.220818e-01 6.788251e-01 -6.168909e-01 -nan
8.173067e-01 7.510864e-01 -1.041137e+00 -nan
8.130602e-01 8.283218e-01 -nan -3.482141e-01
8.181974e-01 8.100527e-01 -3.824446e-01 -3.077907e+00
8.243209e-01 7.951492e-01 -1.465232e+00 -1.728703e+00
8.216231e-01 7.846592e-01 -nan 2.251182e+00
8.199956e-01 7.443145e-01 -8.091328e-01 -8.185965e-01
8.153369e-01 8.234414e-01 -7.210063e-01 -nan
8.144496e-01 8.510154e-01 -8.754490e-01 -1.053853e+00
8.215827e-01 8.063325e-01 -nan -nan
8.186603e-01 7.422568e-01 -nan 1.604188e+00
8.128006e-01 6.984075e-01 -nan -nan
8.193415e-01 8.382932e-01 -nan -2.142728e+00
8.179047e-01 7.412915e-01 2.643129e-01 -nan
8.210563e-01 7.366811e-01 -8.921553e-01 -3.349813e+00
8.238161e-01 7.368682e-01 1.770129e-01 -nan
8.148066e-01 8.629107e-01 7.354335e-01 9.401118e-02
8.096569e-01 8.021890e-01 -1.270132e+00 -5.317053e-01
8.138727e-01 7.664442e-01 -nan -9.974363e-01
8.218153e-01 7.829286e-01 -9.573694e-01 -nan
8.237636e-01 8.214576e-01 1.731244e+00 -nan
8.069921e-01 8.675870e-01 -7.929485e-01 -nan
8.249013e-01 7.802567e-01 -nan -4.458265e-01
8.183728e-01 7.424548e-01 -nan 1.073407e+00
8.139796e-01 8.223818e-01 -1.242495e+00 -2.034945e+00
8.143858e-01 7.981566e-01 -nan -nan
8.192552e-01 8.810152e-01 -nan -nan
8.204639e-01 7.393662e-01 -nan -nan
8.234092e-01 7.641681e-01 -nan -2.758457e+00
8.184038e-01 7.714829e-01 -6.743940e-01 -nan
8.162595e-01 8.439915e-01 -1.488781e+00 2.438403e+00
8.044115e-01 6.799464e-01 1.872807e-01 -3.256668e+00
8.202377e-01 7.799317e-01 -3.369105e-01 -4.617543e+00
8.155361e-01 7.723158e-01 -nan -3.635079e+00
8.235910e-01 7.255667e-01 -2.334460e-01 -6.402290e-02
8.195811e-01 7.869754e-01 -2.894989e-01 -nan
8.192701e-01 8.333516e-01 -7.217492e-01 -4.568461e+00
8.124564e-01 7.843930e-01 -1.594046e-01 -nan
8.221847e-01 7.987672e-01 -7.537900e-01 -1.979731e+00
8.141205e-01 6.631904e-01 -7.181119e-01 -nan
8.193933e-01 8.024007e-01 -nan -1.961726e+00
8.109975e-01 7.866881e-01 4.491319e-01 -nan
8.328387e-01 7.563304e-01 -nan -nan
8.297883e-01 7.835716e-01 -nan 1.232242e+00
8.175307e-01 7.155445e-01 -1.630050e-01 -nan
8.142835e-01 8.497680e-01 -9.281082e-01 -nan
8.223824e-01 7.661139e-01 -nan -nan
8.126921e-01 7.972243e-01 -1.007150e+00 -nan
8.093320e-01 8.416100e-01 -nan -nan
8.138995e-01 8.487207e-01 -8.305653e-01 -2.753386e+00
8.150848e-01 8.175862e-01 -nan -nan
8.046196e-01 7.665926e-01 -3.761623e-01 -nan
8.243599e-01 8.657626e-01 -nan -nan
8.140576e-01 8.039502e-01 4.037240e-01 -nan
8.239071e-01 8.095617e-01 -2.541464e-01 -1.775035e+00
8.144486e-01 7.998829e-01 -nan -nan
8.214476e-01 8.363946e-01 -5.364675e-01 -4.086269e+00
8.258945e-01 8.250869e-01 -7.243576e-01 -nan
8.205845e-01 8.800097e-01 -nan 9.908604e-01
8.248488e-01 7.846494e-01 -2.788247e-01 1.046422e+00
8.204280e-01 8.291502e-01 -3.836175e-01 -nan
8.203394e-01 7.455507e-01 -nan -1.317684e+00
8.249279e-01 7.820982e-01 1.367646e+00 2.324804e+00
8.184152e-01 7.201935e-01 -6.186024e-01 -4.567850e-01
8.217346e-01 7.026765e-01 -nan -nan
8.257385e-01 7.540352e-01 -2.438392e-01 -nan
8.179849e-01 7.455815e-01 -1.002312e-01 -nan
8.286925e-01 8.939733e-01 -nan 2.703456e+00
8.191676e-01 8.648634e-01 -nan -2.992809e-01
8.113020e-01 6.611310e-01 7.597726e-01 -nan
8.224127e-01 6.752009e-01 -1.274444e+00 -8.424941e-01
8.214393e-01 7.233548e-01 -9.421323e-01 -nan
8.134248e-01 7.626966e-01 -3.982842e-02 -2.822340e-01
8.174562e-01 7.420495e-01 -nan -nan
8.143403e-01 7.816731e-01 5.223534e-01 -2.409985e+00
8.171401e-01 7.809707e-01 -nan -1.575420e+00
8.136701e-01 7.352906e-01 -nan -nan
8.167471e-01 7.528538e-01 -5.994745e-01 -8.314327e-01
8.198971e-01 7.945747e-01 -5.605522e-01 -1.226774e+00
8.207059e-01 7.336387e-01 2.953077e-01 -nan
8.216426e-01 8.306098e-01 -nan -nan
8.200089e-01 7.730814e-01 -1.019593e+00 -1.773353e+00
8.120233e-01 7.762899e-01 -nan -nan
8.182416e-01 8.278112e-01 -nan -2.015219e+00
8.232780e-01 8.110959e-01 -nan -9.648313e-01
8.072770e-01 7.871618e-01 -nan 5.141828e-01
8.255143e-01 7.812169e-01 6.940871e-01 -nan
8.101006e-01 6.922238e-01 5.460326e-01 -nan
8.274863e-01 7.897998e-01 -nan 3.569576e+00
8.191635e-01 7.652694e-01 -3.912311e-01 -1.447272e+00
8.218102e-01 7.348460e-01 -nan -1.404566e+00
8.079111e-01 7.135073e-01 -nan -9.423581e-01
8.148734e-01 7.719123e-01 1.064855e+00 -2.176159e+00
8.045157e-01 8.311242e-01 -nan -8.557722e-01
8.236846e-01 7.733785e-01 3.640918e-01 1.223692e+00
8.146787e-01 7.839965e-01 -nan 3.061749e-01
8.168713e-01 7.454473e-01 -nan -nan
8.199403e-01 7.843347e-01 1.053612e+00 -nan
8.248801e-01 7.379832e-01 1.334696e+00 -5.252481e-01
8.164703e-01 7.550069e-01 4.044950e-01 -2.181943e+00
8.212911e-01 7.226502e-01 1.345094e+00 9.128023e-01
8.157041e-01 7.647006e-01 -5.731687e-02 -nan
8.233642e-01 7.214037e-01 8.944279e-01 -nan
8.194221e-01 7.639621e-01 1.011150e+00 1.688034e+00
8.238132e-01 8.041748e-01 -nan -nan
8.114198e-01 7.238310e-01 1.415777e+00 2.988951e+00
8.129838e-01 8.031529e-01 -1.090275e+00 -4.090912e-01
8.207778e-01 7.371339e-01 8.874075e-01 2.901423e+00
8.181561e-01 8.149649e-01 -3.540925e-01 1.567371e+00
8.215418e-01 8.084996e-01 9.694282e-03 -1.871533e+00
8.179269e-01 7.708523e-01 -nan -1.177298e+01
8.159373e-01 7.480905e-01 -4.704072e-01 -nan
8.226337e-01 7.449446e-01 4.643218e-01 -nan
8.141441e-01 7.809069e-01 -8.248482e-01 -5.121153e+00
8.235242e-01 7.779375e-01 -1.966589e-01 -nan
8.118311e-01 7.254598e-01 -nan -nan
8.154895e-01 8.434552e-01 6.804610e-01 -4.261715e-01
8.151384e-01 7.902856e-01 1.344403e+00 6.561084e-01
8.202286e-01 8.464642e-01 -nan -1.735299e+00
8.243459e-01 7.329072e-01 -nan 1.805221e+00
8.193972e-01 7.313625e-01 -nan -nan
8.176921e-01 7.991112e-01 -nan -3.800078e+00
8.147317e-01 7.879998e-01 1.216014e+00 -nan
8.193954e-01 8.124345e-01 -nan -nan
8.218319e-01 6.701945e-01 -nan 1.628308e+00
8.110547e-01 6.742104e-01 -5.175705e-01 -5.136329e-01
8.196207e-01 7.650851e-01 -nan -nan
8.202537e-01 7.804422e-01 -nan -nan
8.199958e-01 8.111014e-01 -nan 2.675471e+00
8.055044e-01 7.912630e-01 -nan -7.116467e+00
8.131454e-01 7.397252e-01 5.363958e-01 8.003854e-01
